0.000000000000000000e+00 1.455526709556579590e+00
1.000000000000000000e+00 1.396326065063476562e+00
2.000000000000000000e+00 1.430007338523864746e+00
3.000000000000000000e+00 1.437411189079284668e+00
4.000000000000000000e+00 1.451688766479492188e+00
5.000000000000000000e+00 1.420332551002502441e+00
6.000000000000000000e+00 1.410936594009399414e+00
7.000000000000000000e+00 1.364294767379760742e+00
8.000000000000000000e+00 1.451654553413391113e+00
9.000000000000000000e+00 1.417554259300231934e+00
1.000000000000000000e+01 1.410730004310607910e+00
1.100000000000000000e+01 1.384833931922912598e+00
1.200000000000000000e+01 1.404974699020385742e+00
1.300000000000000000e+01 1.314910531044006348e+00
1.400000000000000000e+01 1.413114547729492188e+00
1.500000000000000000e+01 1.445640683174133301e+00
1.600000000000000000e+01 1.413115978240966797e+00
1.700000000000000000e+01 1.423120498657226562e+00
1.800000000000000000e+01 1.405801415443420410e+00
1.900000000000000000e+01 1.403305888175964355e+00
2.000000000000000000e+01 1.414044499397277832e+00
2.100000000000000000e+01 1.430784583091735840e+00
2.200000000000000000e+01 1.438739299774169922e+00
2.300000000000000000e+01 1.394959807395935059e+00
2.400000000000000000e+01 1.431900024414062500e+00
2.500000000000000000e+01 1.432501316070556641e+00
2.600000000000000000e+01 1.400305271148681641e+00
2.700000000000000000e+01 1.412085533142089844e+00
2.800000000000000000e+01 1.431071996688842773e+00
2.900000000000000000e+01 1.434679627418518066e+00
3.000000000000000000e+01 1.384858131408691406e+00
3.100000000000000000e+01 1.436381101608276367e+00
3.200000000000000000e+01 1.414372801780700684e+00
3.300000000000000000e+01 1.369669675827026367e+00
3.400000000000000000e+01 1.430894136428833008e+00
3.500000000000000000e+01 1.384937047958374023e+00
3.600000000000000000e+01 1.427281498908996582e+00
3.700000000000000000e+01 1.445585131645202637e+00
3.800000000000000000e+01 1.373381733894348145e+00
3.900000000000000000e+01 1.418999195098876953e+00
4.000000000000000000e+01 1.431018590927124023e+00
4.100000000000000000e+01 1.420575261116027832e+00
4.200000000000000000e+01 1.421133637428283691e+00
4.300000000000000000e+01 1.417966723442077637e+00
4.400000000000000000e+01 1.400700688362121582e+00
4.500000000000000000e+01 1.368895888328552246e+00
4.600000000000000000e+01 1.400805115699768066e+00
4.700000000000000000e+01 1.424665451049804688e+00
4.800000000000000000e+01 1.413795351982116699e+00
4.900000000000000000e+01 1.412071585655212402e+00
5.000000000000000000e+01 1.419298648834228516e+00
5.100000000000000000e+01 1.404247641563415527e+00
5.200000000000000000e+01 1.429314374923706055e+00
5.300000000000000000e+01 1.398155093193054199e+00
5.400000000000000000e+01 1.420714735984802246e+00
5.500000000000000000e+01 1.395083785057067871e+00
5.600000000000000000e+01 1.377386927604675293e+00
5.700000000000000000e+01 1.370534658432006836e+00
5.800000000000000000e+01 1.425955772399902344e+00
5.900000000000000000e+01 1.450785160064697266e+00
6.000000000000000000e+01 1.368305563926696777e+00
6.100000000000000000e+01 1.404774546623229980e+00
6.200000000000000000e+01 1.428307533264160156e+00
6.300000000000000000e+01 1.429483175277709961e+00
6.400000000000000000e+01 1.406871199607849121e+00
6.500000000000000000e+01 1.402579307556152344e+00
6.600000000000000000e+01 1.371150732040405273e+00
6.700000000000000000e+01 1.408169865608215332e+00
6.800000000000000000e+01 1.409150362014770508e+00
6.900000000000000000e+01 1.425644755363464355e+00
7.000000000000000000e+01 1.429686307907104492e+00
7.100000000000000000e+01 1.410661697387695312e+00
7.200000000000000000e+01 1.346607446670532227e+00
7.300000000000000000e+01 1.436574459075927734e+00
7.400000000000000000e+01 1.387430787086486816e+00
7.500000000000000000e+01 1.400676250457763672e+00
7.600000000000000000e+01 1.374163031578063965e+00
7.700000000000000000e+01 1.446387767791748047e+00
7.800000000000000000e+01 1.336084127426147461e+00
7.900000000000000000e+01 1.401472806930541992e+00
8.000000000000000000e+01 1.392817735671997070e+00
8.100000000000000000e+01 1.408409237861633301e+00
8.200000000000000000e+01 1.441120028495788574e+00
8.300000000000000000e+01 1.387696862220764160e+00
8.400000000000000000e+01 1.469077944755554199e+00
8.500000000000000000e+01 1.440695524215698242e+00
8.600000000000000000e+01 1.431417942047119141e+00
8.700000000000000000e+01 1.435350179672241211e+00
8.800000000000000000e+01 1.399255514144897461e+00
8.900000000000000000e+01 1.401539802551269531e+00
9.000000000000000000e+01 1.400527358055114746e+00
9.100000000000000000e+01 1.376990318298339844e+00
9.200000000000000000e+01 1.415367603302001953e+00
9.300000000000000000e+01 1.392514109611511230e+00
9.400000000000000000e+01 1.406609058380126953e+00
9.500000000000000000e+01 1.421410918235778809e+00
9.600000000000000000e+01 1.354103684425354004e+00
9.700000000000000000e+01 1.346285700798034668e+00
9.800000000000000000e+01 1.434721946716308594e+00
9.900000000000000000e+01 1.382438302040100098e+00
