0.000000000000000000e+00 2.300472259521484375e+00
1.000000000000000000e+00 2.288928985595703125e+00
2.000000000000000000e+00 2.325362920761108398e+00
3.000000000000000000e+00 2.325731992721557617e+00
4.000000000000000000e+00 2.319221019744873047e+00
5.000000000000000000e+00 2.298533201217651367e+00
6.000000000000000000e+00 2.367308139801025391e+00
7.000000000000000000e+00 2.266583919525146484e+00
8.000000000000000000e+00 2.352303504943847656e+00
9.000000000000000000e+00 2.339612483978271484e+00
1.000000000000000000e+01 2.317987918853759766e+00
1.100000000000000000e+01 2.305531024932861328e+00
1.200000000000000000e+01 2.371593236923217773e+00
1.300000000000000000e+01 2.348735570907592773e+00
1.400000000000000000e+01 2.347099542617797852e+00
1.500000000000000000e+01 2.309981822967529297e+00
1.600000000000000000e+01 2.327096700668334961e+00
1.700000000000000000e+01 2.305101871490478516e+00
1.800000000000000000e+01 2.326908588409423828e+00
1.900000000000000000e+01 2.352224111557006836e+00
2.000000000000000000e+01 2.332745790481567383e+00
2.100000000000000000e+01 2.325052499771118164e+00
2.200000000000000000e+01 2.422684907913208008e+00
2.300000000000000000e+01 2.248107910156250000e+00
2.400000000000000000e+01 2.319862842559814453e+00
2.500000000000000000e+01 2.295798301696777344e+00
2.600000000000000000e+01 2.212213277816772461e+00
2.700000000000000000e+01 2.143894433975219727e+00
2.800000000000000000e+01 2.347244024276733398e+00
2.900000000000000000e+01 2.315556526184082031e+00
3.000000000000000000e+01 2.343899726867675781e+00
3.100000000000000000e+01 2.240578413009643555e+00
3.200000000000000000e+01 2.292103052139282227e+00
3.300000000000000000e+01 2.292634963989257812e+00
3.400000000000000000e+01 2.368837833404541016e+00
3.500000000000000000e+01 2.320657730102539062e+00
3.600000000000000000e+01 2.224834442138671875e+00
3.700000000000000000e+01 2.225840806961059570e+00
3.800000000000000000e+01 2.220059394836425781e+00
3.900000000000000000e+01 2.137441635131835938e+00
4.000000000000000000e+01 2.244625806808471680e+00
4.100000000000000000e+01 2.312535762786865234e+00
4.200000000000000000e+01 2.303738594055175781e+00
4.300000000000000000e+01 2.266361713409423828e+00
4.400000000000000000e+01 2.272447824478149414e+00
4.500000000000000000e+01 2.283861160278320312e+00
4.600000000000000000e+01 2.264981746673583984e+00
4.700000000000000000e+01 2.305551052093505859e+00
4.800000000000000000e+01 2.359165191650390625e+00
4.900000000000000000e+01 2.364890813827514648e+00
5.000000000000000000e+01 2.324281454086303711e+00
5.100000000000000000e+01 2.294162273406982422e+00
5.200000000000000000e+01 2.335727691650390625e+00
5.300000000000000000e+01 2.250457286834716797e+00
5.400000000000000000e+01 2.290562152862548828e+00
5.500000000000000000e+01 2.310243368148803711e+00
5.600000000000000000e+01 2.234724998474121094e+00
5.700000000000000000e+01 2.299583435058593750e+00
5.800000000000000000e+01 2.321472883224487305e+00
5.900000000000000000e+01 2.337406873703002930e+00
6.000000000000000000e+01 2.280567646026611328e+00
6.100000000000000000e+01 2.276111364364624023e+00
6.200000000000000000e+01 2.304819107055664062e+00
6.300000000000000000e+01 2.299143075942993164e+00
6.400000000000000000e+01 2.285826921463012695e+00
6.500000000000000000e+01 2.258964300155639648e+00
6.600000000000000000e+01 2.247367143630981445e+00
6.700000000000000000e+01 2.310333251953125000e+00
6.800000000000000000e+01 2.186902523040771484e+00
6.900000000000000000e+01 2.198692798614501953e+00
7.000000000000000000e+01 2.156621456146240234e+00
7.100000000000000000e+01 2.224983692169189453e+00
7.200000000000000000e+01 2.327434778213500977e+00
7.300000000000000000e+01 2.262111663818359375e+00
7.400000000000000000e+01 2.192693710327148438e+00
7.500000000000000000e+01 2.228002071380615234e+00
7.600000000000000000e+01 2.222570419311523438e+00
7.700000000000000000e+01 2.255050659179687500e+00
7.800000000000000000e+01 2.237585544586181641e+00
7.900000000000000000e+01 2.268234252929687500e+00
8.000000000000000000e+01 2.317827463150024414e+00
8.100000000000000000e+01 2.383550643920898438e+00
8.200000000000000000e+01 2.260151147842407227e+00
8.300000000000000000e+01 2.257497072219848633e+00
8.400000000000000000e+01 2.257385969161987305e+00
8.500000000000000000e+01 2.242749929428100586e+00
8.600000000000000000e+01 2.238212108612060547e+00
8.700000000000000000e+01 2.305755853652954102e+00
8.800000000000000000e+01 2.292195796966552734e+00
8.900000000000000000e+01 2.331498622894287109e+00
9.000000000000000000e+01 2.224364757537841797e+00
9.100000000000000000e+01 2.363512754440307617e+00
9.200000000000000000e+01 2.400777339935302734e+00
9.300000000000000000e+01 2.336887359619140625e+00
9.400000000000000000e+01 2.355348587036132812e+00
9.500000000000000000e+01 2.250303506851196289e+00
9.600000000000000000e+01 2.327816009521484375e+00
9.700000000000000000e+01 2.291692495346069336e+00
9.800000000000000000e+01 2.275619029998779297e+00
9.900000000000000000e+01 2.240646362304687500e+00
