0.000000000000000000e+00 2.514770746231079102e+00
1.000000000000000000e+00 2.443325996398925781e+00
2.000000000000000000e+00 2.427250862121582031e+00
3.000000000000000000e+00 2.490305662155151367e+00
4.000000000000000000e+00 2.342131376266479492e+00
5.000000000000000000e+00 2.421993017196655273e+00
6.000000000000000000e+00 2.487316131591796875e+00
7.000000000000000000e+00 2.417089700698852539e+00
8.000000000000000000e+00 2.368030071258544922e+00
9.000000000000000000e+00 2.482831954956054688e+00
1.000000000000000000e+01 2.453382253646850586e+00
1.100000000000000000e+01 2.424116849899291992e+00
1.200000000000000000e+01 2.440872907638549805e+00
1.300000000000000000e+01 2.499612569808959961e+00
1.400000000000000000e+01 2.332010984420776367e+00
1.500000000000000000e+01 2.440700531005859375e+00
1.600000000000000000e+01 2.430078983306884766e+00
1.700000000000000000e+01 2.381457328796386719e+00
1.800000000000000000e+01 2.296996116638183594e+00
1.900000000000000000e+01 2.394986391067504883e+00
2.000000000000000000e+01 2.366545200347900391e+00
2.100000000000000000e+01 2.318789958953857422e+00
2.200000000000000000e+01 2.319778919219970703e+00
2.300000000000000000e+01 2.301847696304321289e+00
2.400000000000000000e+01 2.359564065933227539e+00
2.500000000000000000e+01 2.409752845764160156e+00
2.600000000000000000e+01 2.351581811904907227e+00
2.700000000000000000e+01 2.393430948257446289e+00
2.800000000000000000e+01 2.378943443298339844e+00
2.900000000000000000e+01 2.415683507919311523e+00
3.000000000000000000e+01 2.386471271514892578e+00
3.100000000000000000e+01 2.392946958541870117e+00
3.200000000000000000e+01 2.318126916885375977e+00
3.300000000000000000e+01 2.419577360153198242e+00
3.400000000000000000e+01 2.432148694992065430e+00
3.500000000000000000e+01 2.338121414184570312e+00
3.600000000000000000e+01 2.449765205383300781e+00
3.700000000000000000e+01 2.376921176910400391e+00
3.800000000000000000e+01 2.470969676971435547e+00
3.900000000000000000e+01 2.401108741760253906e+00
4.000000000000000000e+01 2.432913303375244141e+00
4.100000000000000000e+01 2.430419206619262695e+00
4.200000000000000000e+01 2.431602954864501953e+00
4.300000000000000000e+01 2.417301177978515625e+00
4.400000000000000000e+01 2.421022176742553711e+00
4.500000000000000000e+01 2.456164836883544922e+00
4.600000000000000000e+01 2.350972890853881836e+00
4.700000000000000000e+01 2.452113866806030273e+00
4.800000000000000000e+01 2.425541400909423828e+00
4.900000000000000000e+01 2.378016948699951172e+00
5.000000000000000000e+01 2.475035429000854492e+00
5.100000000000000000e+01 2.381885528564453125e+00
5.200000000000000000e+01 2.414819717407226562e+00
5.300000000000000000e+01 2.387487411499023438e+00
5.400000000000000000e+01 2.425375699996948242e+00
5.500000000000000000e+01 2.374437332153320312e+00
5.600000000000000000e+01 2.364461421966552734e+00
5.700000000000000000e+01 2.282686233520507812e+00
5.800000000000000000e+01 2.385442972183227539e+00
5.900000000000000000e+01 2.414902687072753906e+00
6.000000000000000000e+01 2.455973863601684570e+00
6.100000000000000000e+01 2.428954124450683594e+00
6.200000000000000000e+01 2.324102640151977539e+00
6.300000000000000000e+01 2.425948619842529297e+00
6.400000000000000000e+01 2.320735454559326172e+00
6.500000000000000000e+01 2.419322013854980469e+00
6.600000000000000000e+01 2.431990146636962891e+00
6.700000000000000000e+01 2.485099315643310547e+00
6.800000000000000000e+01 2.471668720245361328e+00
6.900000000000000000e+01 2.440194845199584961e+00
7.000000000000000000e+01 2.412818670272827148e+00
7.100000000000000000e+01 2.345844030380249023e+00
7.200000000000000000e+01 2.456888914108276367e+00
7.300000000000000000e+01 2.372039556503295898e+00
7.400000000000000000e+01 2.423472404479980469e+00
7.500000000000000000e+01 2.452120304107666016e+00
7.600000000000000000e+01 2.352723598480224609e+00
7.700000000000000000e+01 2.502634763717651367e+00
7.800000000000000000e+01 2.491781473159790039e+00
7.900000000000000000e+01 2.510916471481323242e+00
8.000000000000000000e+01 2.402415037155151367e+00
8.100000000000000000e+01 2.432085037231445312e+00
8.200000000000000000e+01 2.433295011520385742e+00
8.300000000000000000e+01 2.499217987060546875e+00
8.400000000000000000e+01 2.396107435226440430e+00
8.500000000000000000e+01 2.468365430831909180e+00
8.600000000000000000e+01 2.406880378723144531e+00
8.700000000000000000e+01 2.382090330123901367e+00
8.800000000000000000e+01 2.342197656631469727e+00
8.900000000000000000e+01 2.386146068572998047e+00
9.000000000000000000e+01 2.336982727050781250e+00
9.100000000000000000e+01 2.312426090240478516e+00
9.200000000000000000e+01 2.332837343215942383e+00
9.300000000000000000e+01 2.398891925811767578e+00
9.400000000000000000e+01 2.409034729003906250e+00
9.500000000000000000e+01 2.449516773223876953e+00
9.600000000000000000e+01 2.416783571243286133e+00
9.700000000000000000e+01 2.389960289001464844e+00
9.800000000000000000e+01 2.423516511917114258e+00
9.900000000000000000e+01 2.454910039901733398e+00
