0.000000000000000000e+00 2.259237289428710938e+00
1.000000000000000000e+00 2.214749574661254883e+00
2.000000000000000000e+00 2.157798767089843750e+00
3.000000000000000000e+00 2.277349472045898438e+00
4.000000000000000000e+00 2.247323751449584961e+00
5.000000000000000000e+00 2.157786130905151367e+00
6.000000000000000000e+00 2.195156097412109375e+00
7.000000000000000000e+00 2.172119140625000000e+00
8.000000000000000000e+00 2.133760213851928711e+00
9.000000000000000000e+00 2.259013891220092773e+00
1.000000000000000000e+01 2.181950807571411133e+00
1.100000000000000000e+01 2.229357719421386719e+00
1.200000000000000000e+01 2.201002359390258789e+00
1.300000000000000000e+01 2.260432243347167969e+00
1.400000000000000000e+01 2.123616218566894531e+00
1.500000000000000000e+01 2.208411931991577148e+00
1.600000000000000000e+01 2.127232789993286133e+00
1.700000000000000000e+01 2.156542301177978516e+00
1.800000000000000000e+01 2.105857372283935547e+00
1.900000000000000000e+01 2.130210399627685547e+00
2.000000000000000000e+01 2.117904663085937500e+00
2.100000000000000000e+01 2.233424425125122070e+00
2.200000000000000000e+01 2.142804622650146484e+00
2.300000000000000000e+01 2.140366077423095703e+00
2.400000000000000000e+01 2.261634111404418945e+00
2.500000000000000000e+01 2.237722396850585938e+00
2.600000000000000000e+01 2.187799453735351562e+00
2.700000000000000000e+01 2.170374870300292969e+00
2.800000000000000000e+01 2.259246349334716797e+00
2.900000000000000000e+01 2.219677686691284180e+00
3.000000000000000000e+01 2.293076038360595703e+00
3.100000000000000000e+01 2.133936166763305664e+00
3.200000000000000000e+01 2.151957035064697266e+00
3.300000000000000000e+01 2.184884309768676758e+00
3.400000000000000000e+01 2.261419773101806641e+00
3.500000000000000000e+01 2.216753244400024414e+00
3.600000000000000000e+01 2.225724458694458008e+00
3.700000000000000000e+01 2.235749483108520508e+00
3.800000000000000000e+01 2.124570131301879883e+00
3.900000000000000000e+01 2.218604564666748047e+00
4.000000000000000000e+01 2.088736534118652344e+00
4.100000000000000000e+01 2.173451662063598633e+00
4.200000000000000000e+01 2.177213191986083984e+00
4.300000000000000000e+01 2.215806722640991211e+00
4.400000000000000000e+01 2.211749076843261719e+00
4.500000000000000000e+01 2.190779924392700195e+00
4.600000000000000000e+01 2.201955556869506836e+00
4.700000000000000000e+01 2.076640605926513672e+00
4.800000000000000000e+01 2.178938150405883789e+00
4.900000000000000000e+01 2.172563314437866211e+00
5.000000000000000000e+01 2.268762111663818359e+00
5.100000000000000000e+01 2.182165861129760742e+00
5.200000000000000000e+01 2.176494121551513672e+00
5.300000000000000000e+01 2.253656625747680664e+00
5.400000000000000000e+01 2.188232660293579102e+00
5.500000000000000000e+01 2.169748544692993164e+00
5.600000000000000000e+01 2.113876342773437500e+00
5.700000000000000000e+01 2.116610050201416016e+00
5.800000000000000000e+01 2.191386461257934570e+00
5.900000000000000000e+01 2.179145097732543945e+00
6.000000000000000000e+01 2.259951829910278320e+00
6.100000000000000000e+01 2.216484308242797852e+00
6.200000000000000000e+01 2.228258132934570312e+00
6.300000000000000000e+01 2.231936693191528320e+00
6.400000000000000000e+01 2.177758216857910156e+00
6.500000000000000000e+01 2.244063854217529297e+00
6.600000000000000000e+01 2.258905410766601562e+00
6.700000000000000000e+01 2.187173604965209961e+00
6.800000000000000000e+01 2.264309883117675781e+00
6.900000000000000000e+01 2.278495788574218750e+00
7.000000000000000000e+01 2.304347038269042969e+00
7.100000000000000000e+01 2.219826459884643555e+00
7.200000000000000000e+01 2.193455934524536133e+00
7.300000000000000000e+01 2.252683639526367188e+00
7.400000000000000000e+01 2.190392732620239258e+00
7.500000000000000000e+01 2.152288913726806641e+00
7.600000000000000000e+01 2.107957601547241211e+00
7.700000000000000000e+01 2.149667501449584961e+00
7.800000000000000000e+01 2.158396720886230469e+00
7.900000000000000000e+01 2.071411371231079102e+00
8.000000000000000000e+01 2.165143728256225586e+00
8.100000000000000000e+01 2.189870595932006836e+00
8.200000000000000000e+01 2.116412878036499023e+00
8.300000000000000000e+01 2.216011285781860352e+00
8.400000000000000000e+01 2.162163019180297852e+00
8.500000000000000000e+01 2.230675220489501953e+00
8.600000000000000000e+01 2.175183534622192383e+00
8.700000000000000000e+01 2.144486427307128906e+00
8.800000000000000000e+01 2.254757165908813477e+00
8.900000000000000000e+01 2.176144361495971680e+00
9.000000000000000000e+01 2.130107402801513672e+00
9.100000000000000000e+01 2.188053369522094727e+00
9.200000000000000000e+01 2.262101411819458008e+00
9.300000000000000000e+01 2.145203828811645508e+00
9.400000000000000000e+01 2.191248416900634766e+00
9.500000000000000000e+01 2.170227050781250000e+00
9.600000000000000000e+01 2.110429525375366211e+00
9.700000000000000000e+01 2.182086944580078125e+00
9.800000000000000000e+01 2.224155426025390625e+00
9.900000000000000000e+01 2.226409196853637695e+00
