0.000000000000000000e+00 2.813140869140625000e+00
1.000000000000000000e+00 2.768198966979980469e+00
2.000000000000000000e+00 2.757531166076660156e+00
3.000000000000000000e+00 2.843187332153320312e+00
4.000000000000000000e+00 2.728287220001220703e+00
5.000000000000000000e+00 2.823643207550048828e+00
6.000000000000000000e+00 2.819523096084594727e+00
7.000000000000000000e+00 2.855454444885253906e+00
8.000000000000000000e+00 2.906244993209838867e+00
9.000000000000000000e+00 2.831658840179443359e+00
1.000000000000000000e+01 2.829343318939208984e+00
1.100000000000000000e+01 2.843086242675781250e+00
1.200000000000000000e+01 2.839592933654785156e+00
1.300000000000000000e+01 2.812455892562866211e+00
1.400000000000000000e+01 2.724231004714965820e+00
1.500000000000000000e+01 2.763341426849365234e+00
1.600000000000000000e+01 2.828899145126342773e+00
1.700000000000000000e+01 2.796500205993652344e+00
1.800000000000000000e+01 2.752803325653076172e+00
1.900000000000000000e+01 2.798415660858154297e+00
2.000000000000000000e+01 2.754173755645751953e+00
2.100000000000000000e+01 2.798515319824218750e+00
2.200000000000000000e+01 2.811609506607055664e+00
2.300000000000000000e+01 2.824190139770507812e+00
2.400000000000000000e+01 2.837692022323608398e+00
2.500000000000000000e+01 2.872940540313720703e+00
2.600000000000000000e+01 2.808836698532104492e+00
2.700000000000000000e+01 2.819264411926269531e+00
2.800000000000000000e+01 2.856712818145751953e+00
2.900000000000000000e+01 2.779750108718872070e+00
3.000000000000000000e+01 2.816607713699340820e+00
3.100000000000000000e+01 2.880815267562866211e+00
3.200000000000000000e+01 2.845343589782714844e+00
3.300000000000000000e+01 2.845011949539184570e+00
3.400000000000000000e+01 2.837135314941406250e+00
3.500000000000000000e+01 2.798164367675781250e+00
3.600000000000000000e+01 2.821854114532470703e+00
3.700000000000000000e+01 2.840857744216918945e+00
3.800000000000000000e+01 2.854773759841918945e+00
3.900000000000000000e+01 2.818440437316894531e+00
4.000000000000000000e+01 2.884700059890747070e+00
4.100000000000000000e+01 2.858201980590820312e+00
4.200000000000000000e+01 2.856283664703369141e+00
4.300000000000000000e+01 2.823165416717529297e+00
4.400000000000000000e+01 2.822702884674072266e+00
4.500000000000000000e+01 2.799693346023559570e+00
4.600000000000000000e+01 2.726223230361938477e+00
4.700000000000000000e+01 2.780858039855957031e+00
4.800000000000000000e+01 2.875976324081420898e+00
4.900000000000000000e+01 2.969402313232421875e+00
5.000000000000000000e+01 2.802638053894042969e+00
5.100000000000000000e+01 2.761390447616577148e+00
5.200000000000000000e+01 2.741924285888671875e+00
5.300000000000000000e+01 2.786545515060424805e+00
5.400000000000000000e+01 2.806191921234130859e+00
5.500000000000000000e+01 2.731808900833129883e+00
5.600000000000000000e+01 2.859022378921508789e+00
5.700000000000000000e+01 2.772911787033081055e+00
5.800000000000000000e+01 2.750739574432373047e+00
5.900000000000000000e+01 2.849542379379272461e+00
6.000000000000000000e+01 2.833771228790283203e+00
6.100000000000000000e+01 2.854787588119506836e+00
6.200000000000000000e+01 2.785226106643676758e+00
6.300000000000000000e+01 2.824704170227050781e+00
6.400000000000000000e+01 2.778196334838867188e+00
6.500000000000000000e+01 2.840102910995483398e+00
6.600000000000000000e+01 2.868761062622070312e+00
6.700000000000000000e+01 2.843021392822265625e+00
6.800000000000000000e+01 2.804717302322387695e+00
6.900000000000000000e+01 2.866316795349121094e+00
7.000000000000000000e+01 2.810558080673217773e+00
7.100000000000000000e+01 2.819061279296875000e+00
7.200000000000000000e+01 2.841582298278808594e+00
7.300000000000000000e+01 2.831584215164184570e+00
7.400000000000000000e+01 2.798408985137939453e+00
7.500000000000000000e+01 2.812783956527709961e+00
7.600000000000000000e+01 2.829384803771972656e+00
7.700000000000000000e+01 2.724107027053833008e+00
7.800000000000000000e+01 2.747436761856079102e+00
7.900000000000000000e+01 2.745273828506469727e+00
8.000000000000000000e+01 2.821743726730346680e+00
8.100000000000000000e+01 2.887383937835693359e+00
8.200000000000000000e+01 2.848469495773315430e+00
8.300000000000000000e+01 2.833655834197998047e+00
8.400000000000000000e+01 2.820820093154907227e+00
8.500000000000000000e+01 2.799253702163696289e+00
8.600000000000000000e+01 2.729037761688232422e+00
8.700000000000000000e+01 2.758968353271484375e+00
8.800000000000000000e+01 2.809660196304321289e+00
8.900000000000000000e+01 2.818852186203002930e+00
9.000000000000000000e+01 2.898497104644775391e+00
9.100000000000000000e+01 2.852426290512084961e+00
9.200000000000000000e+01 2.888983726501464844e+00
9.300000000000000000e+01 2.859962701797485352e+00
9.400000000000000000e+01 2.756779432296752930e+00
9.500000000000000000e+01 2.725930690765380859e+00
9.600000000000000000e+01 2.856631994247436523e+00
9.700000000000000000e+01 2.846246242523193359e+00
9.800000000000000000e+01 2.749337911605834961e+00
9.900000000000000000e+01 2.848510503768920898e+00
