0.000000000000000000e+00 2.888475418090820312e+00
1.000000000000000000e+00 2.856638908386230469e+00
2.000000000000000000e+00 2.920907974243164062e+00
3.000000000000000000e+00 2.997531890869140625e+00
4.000000000000000000e+00 2.940034866333007812e+00
5.000000000000000000e+00 3.047048807144165039e+00
6.000000000000000000e+00 2.871640920639038086e+00
7.000000000000000000e+00 2.863691329956054688e+00
8.000000000000000000e+00 2.959604501724243164e+00
9.000000000000000000e+00 2.924320697784423828e+00
1.000000000000000000e+01 2.944590568542480469e+00
1.100000000000000000e+01 3.031870365142822266e+00
1.200000000000000000e+01 2.987567663192749023e+00
1.300000000000000000e+01 2.898190975189208984e+00
1.400000000000000000e+01 2.992637395858764648e+00
1.500000000000000000e+01 2.936709165573120117e+00
1.600000000000000000e+01 2.876834154129028320e+00
1.700000000000000000e+01 2.894732475280761719e+00
1.800000000000000000e+01 2.988481044769287109e+00
1.900000000000000000e+01 2.944974422454833984e+00
2.000000000000000000e+01 2.874153614044189453e+00
2.100000000000000000e+01 2.916289091110229492e+00
2.200000000000000000e+01 3.039379358291625977e+00
2.300000000000000000e+01 2.907646417617797852e+00
2.400000000000000000e+01 2.875811576843261719e+00
2.500000000000000000e+01 2.936346769332885742e+00
2.600000000000000000e+01 2.946782350540161133e+00
2.700000000000000000e+01 2.911571979522705078e+00
2.800000000000000000e+01 2.927904844284057617e+00
2.900000000000000000e+01 2.854898214340209961e+00
3.000000000000000000e+01 3.017930507659912109e+00
3.100000000000000000e+01 2.894170284271240234e+00
3.200000000000000000e+01 2.932229280471801758e+00
3.300000000000000000e+01 2.882929563522338867e+00
3.400000000000000000e+01 2.881183862686157227e+00
3.500000000000000000e+01 2.874400615692138672e+00
3.600000000000000000e+01 2.795387268066406250e+00
3.700000000000000000e+01 2.848601818084716797e+00
3.800000000000000000e+01 2.956889867782592773e+00
3.900000000000000000e+01 2.904766082763671875e+00
4.000000000000000000e+01 2.868883609771728516e+00
4.100000000000000000e+01 2.839133501052856445e+00
4.200000000000000000e+01 2.922327756881713867e+00
4.300000000000000000e+01 2.893772602081298828e+00
4.400000000000000000e+01 2.858268499374389648e+00
4.500000000000000000e+01 2.868299961090087891e+00
4.600000000000000000e+01 2.860420703887939453e+00
4.700000000000000000e+01 2.920037031173706055e+00
4.800000000000000000e+01 2.946630477905273438e+00
4.900000000000000000e+01 2.848198652267456055e+00
5.000000000000000000e+01 3.002534389495849609e+00
5.100000000000000000e+01 2.925313234329223633e+00
5.200000000000000000e+01 2.936640262603759766e+00
5.300000000000000000e+01 2.965801239013671875e+00
5.400000000000000000e+01 2.892851352691650391e+00
5.500000000000000000e+01 2.866167068481445312e+00
5.600000000000000000e+01 2.984636783599853516e+00
5.700000000000000000e+01 2.958398818969726562e+00
5.800000000000000000e+01 2.872013568878173828e+00
5.900000000000000000e+01 2.924394607543945312e+00
6.000000000000000000e+01 2.954778194427490234e+00
6.100000000000000000e+01 2.904533147811889648e+00
6.200000000000000000e+01 2.905097723007202148e+00
6.300000000000000000e+01 2.869541883468627930e+00
6.400000000000000000e+01 3.040710449218750000e+00
6.500000000000000000e+01 2.809608936309814453e+00
6.600000000000000000e+01 2.942933320999145508e+00
6.700000000000000000e+01 2.998336076736450195e+00
6.800000000000000000e+01 2.971138715744018555e+00
6.900000000000000000e+01 2.833504915237426758e+00
7.000000000000000000e+01 2.938916683197021484e+00
7.100000000000000000e+01 2.937373161315917969e+00
7.200000000000000000e+01 2.870748996734619141e+00
7.300000000000000000e+01 2.917674541473388672e+00
7.400000000000000000e+01 3.035309791564941406e+00
7.500000000000000000e+01 2.922911405563354492e+00
7.600000000000000000e+01 2.954870223999023438e+00
7.700000000000000000e+01 2.802982091903686523e+00
7.800000000000000000e+01 2.911900520324707031e+00
7.900000000000000000e+01 2.970389366149902344e+00
8.000000000000000000e+01 2.922645568847656250e+00
8.100000000000000000e+01 2.931332826614379883e+00
8.200000000000000000e+01 2.851261854171752930e+00
8.300000000000000000e+01 2.983719110488891602e+00
8.400000000000000000e+01 2.927562236785888672e+00
8.500000000000000000e+01 3.003703594207763672e+00
8.600000000000000000e+01 2.931729793548583984e+00
8.700000000000000000e+01 2.841077566146850586e+00
8.800000000000000000e+01 2.932147026062011719e+00
8.900000000000000000e+01 2.902899742126464844e+00
9.000000000000000000e+01 2.935883998870849609e+00
9.100000000000000000e+01 2.899224042892456055e+00
9.200000000000000000e+01 2.889468193054199219e+00
9.300000000000000000e+01 2.891959190368652344e+00
9.400000000000000000e+01 2.967534780502319336e+00
9.500000000000000000e+01 2.843498229980468750e+00
9.600000000000000000e+01 2.906827211380004883e+00
9.700000000000000000e+01 2.939384222030639648e+00
9.800000000000000000e+01 2.910117626190185547e+00
9.900000000000000000e+01 2.838612794876098633e+00
