0.000000000000000000e+00 2.053534746170043945e+00
1.000000000000000000e+00 2.010884761810302734e+00
2.000000000000000000e+00 2.028421163558959961e+00
3.000000000000000000e+00 1.982917070388793945e+00
4.000000000000000000e+00 2.038745164871215820e+00
5.000000000000000000e+00 2.028105497360229492e+00
6.000000000000000000e+00 2.094998359680175781e+00
7.000000000000000000e+00 2.063591241836547852e+00
8.000000000000000000e+00 2.037780046463012695e+00
9.000000000000000000e+00 2.023698568344116211e+00
1.000000000000000000e+01 2.019234418869018555e+00
1.100000000000000000e+01 2.107143878936767578e+00
1.200000000000000000e+01 1.999411582946777344e+00
1.300000000000000000e+01 2.055888652801513672e+00
1.400000000000000000e+01 2.046601533889770508e+00
1.500000000000000000e+01 2.031602859497070312e+00
1.600000000000000000e+01 2.073951959609985352e+00
1.700000000000000000e+01 1.997032999992370605e+00
1.800000000000000000e+01 1.972485661506652832e+00
1.900000000000000000e+01 2.045757055282592773e+00
2.000000000000000000e+01 2.052592754364013672e+00
2.100000000000000000e+01 2.005544662475585938e+00
2.200000000000000000e+01 2.018210172653198242e+00
2.300000000000000000e+01 2.004645586013793945e+00
2.400000000000000000e+01 2.071129322052001953e+00
2.500000000000000000e+01 2.086897850036621094e+00
2.600000000000000000e+01 2.088155031204223633e+00
2.700000000000000000e+01 2.044564247131347656e+00
2.800000000000000000e+01 2.081291437149047852e+00
2.900000000000000000e+01 2.074255943298339844e+00
3.000000000000000000e+01 1.979491829872131348e+00
3.100000000000000000e+01 2.102917194366455078e+00
3.200000000000000000e+01 2.069183349609375000e+00
3.300000000000000000e+01 2.045743465423583984e+00
3.400000000000000000e+01 2.022859573364257812e+00
3.500000000000000000e+01 2.067436218261718750e+00
3.600000000000000000e+01 2.063453674316406250e+00
3.700000000000000000e+01 2.020945310592651367e+00
3.800000000000000000e+01 2.012290000915527344e+00
3.900000000000000000e+01 2.003745555877685547e+00
4.000000000000000000e+01 2.076529741287231445e+00
4.100000000000000000e+01 2.056528568267822266e+00
4.200000000000000000e+01 1.974714040756225586e+00
4.300000000000000000e+01 2.142958879470825195e+00
4.400000000000000000e+01 2.069957733154296875e+00
4.500000000000000000e+01 2.049754858016967773e+00
4.600000000000000000e+01 1.969572782516479492e+00
4.700000000000000000e+01 2.044234991073608398e+00
4.800000000000000000e+01 2.048708200454711914e+00
4.900000000000000000e+01 2.061027288436889648e+00
5.000000000000000000e+01 2.120512247085571289e+00
5.100000000000000000e+01 1.945837855339050293e+00
5.200000000000000000e+01 1.995132923126220703e+00
5.300000000000000000e+01 2.104423999786376953e+00
5.400000000000000000e+01 1.989341735839843750e+00
5.500000000000000000e+01 2.068561553955078125e+00
5.600000000000000000e+01 2.087746143341064453e+00
5.700000000000000000e+01 2.014527559280395508e+00
5.800000000000000000e+01 2.140686750411987305e+00
5.900000000000000000e+01 2.064087629318237305e+00
6.000000000000000000e+01 2.135019540786743164e+00
6.100000000000000000e+01 2.054248094558715820e+00
6.200000000000000000e+01 1.980465054512023926e+00
6.300000000000000000e+01 2.031573057174682617e+00
6.400000000000000000e+01 2.030529737472534180e+00
6.500000000000000000e+01 2.100909471511840820e+00
6.600000000000000000e+01 1.986158251762390137e+00
6.700000000000000000e+01 1.977424621582031250e+00
6.800000000000000000e+01 2.086868524551391602e+00
6.900000000000000000e+01 2.032866001129150391e+00
7.000000000000000000e+01 2.034186601638793945e+00
7.100000000000000000e+01 1.990571141242980957e+00
7.200000000000000000e+01 2.061908960342407227e+00
7.300000000000000000e+01 2.005223989486694336e+00
7.400000000000000000e+01 2.097012996673583984e+00
7.500000000000000000e+01 2.005876302719116211e+00
7.600000000000000000e+01 2.058147192001342773e+00
7.700000000000000000e+01 2.039162874221801758e+00
7.800000000000000000e+01 1.958670377731323242e+00
7.900000000000000000e+01 1.977852106094360352e+00
8.000000000000000000e+01 2.045145273208618164e+00
8.100000000000000000e+01 2.070770978927612305e+00
8.200000000000000000e+01 2.071253061294555664e+00
8.300000000000000000e+01 1.977557659149169922e+00
8.400000000000000000e+01 2.094048023223876953e+00
8.500000000000000000e+01 2.133980751037597656e+00
8.600000000000000000e+01 2.053067207336425781e+00
8.700000000000000000e+01 2.092278718948364258e+00
8.800000000000000000e+01 1.994105815887451172e+00
8.900000000000000000e+01 1.969637155532836914e+00
9.000000000000000000e+01 2.007798671722412109e+00
9.100000000000000000e+01 2.035096645355224609e+00
9.200000000000000000e+01 2.008485078811645508e+00
9.300000000000000000e+01 1.964735269546508789e+00
9.400000000000000000e+01 2.106070280075073242e+00
9.500000000000000000e+01 2.143373727798461914e+00
9.600000000000000000e+01 2.090824365615844727e+00
9.700000000000000000e+01 2.036710977554321289e+00
9.800000000000000000e+01 1.927361011505126953e+00
9.900000000000000000e+01 2.033580064773559570e+00
