0.000000000000000000e+00 3.198131561279296875e+00
1.000000000000000000e+00 3.204652786254882812e+00
2.000000000000000000e+00 3.209727048873901367e+00
3.000000000000000000e+00 3.202278375625610352e+00
4.000000000000000000e+00 3.230382204055786133e+00
5.000000000000000000e+00 3.263106584548950195e+00
6.000000000000000000e+00 3.185061931610107422e+00
7.000000000000000000e+00 3.170810222625732422e+00
8.000000000000000000e+00 3.209476709365844727e+00
9.000000000000000000e+00 3.135370254516601562e+00
1.000000000000000000e+01 3.227669239044189453e+00
1.100000000000000000e+01 3.217504501342773438e+00
1.200000000000000000e+01 3.231086015701293945e+00
1.300000000000000000e+01 3.187448024749755859e+00
1.400000000000000000e+01 3.189105272293090820e+00
1.500000000000000000e+01 3.187897682189941406e+00
1.600000000000000000e+01 3.206575870513916016e+00
1.700000000000000000e+01 3.220159769058227539e+00
1.800000000000000000e+01 3.220273494720458984e+00
1.900000000000000000e+01 3.212121009826660156e+00
2.000000000000000000e+01 3.166043281555175781e+00
2.100000000000000000e+01 3.242634773254394531e+00
2.200000000000000000e+01 3.190729379653930664e+00
2.300000000000000000e+01 3.259702444076538086e+00
2.400000000000000000e+01 3.193376302719116211e+00
2.500000000000000000e+01 3.214400529861450195e+00
2.600000000000000000e+01 3.170809268951416016e+00
2.700000000000000000e+01 3.221887826919555664e+00
2.800000000000000000e+01 3.272769451141357422e+00
2.900000000000000000e+01 3.182189226150512695e+00
3.000000000000000000e+01 3.260432481765747070e+00
3.100000000000000000e+01 3.252742052078247070e+00
3.200000000000000000e+01 3.250853061676025391e+00
3.300000000000000000e+01 3.209807634353637695e+00
3.400000000000000000e+01 3.220752000808715820e+00
3.500000000000000000e+01 3.267663240432739258e+00
3.600000000000000000e+01 3.187453269958496094e+00
3.700000000000000000e+01 3.205391645431518555e+00
3.800000000000000000e+01 3.250235080718994141e+00
3.900000000000000000e+01 3.281246900558471680e+00
4.000000000000000000e+01 3.188401699066162109e+00
4.100000000000000000e+01 3.181792259216308594e+00
4.200000000000000000e+01 3.248778820037841797e+00
4.300000000000000000e+01 3.207538604736328125e+00
4.400000000000000000e+01 3.192322015762329102e+00
4.500000000000000000e+01 3.207437038421630859e+00
4.600000000000000000e+01 3.236552000045776367e+00
4.700000000000000000e+01 3.216829299926757812e+00
4.800000000000000000e+01 3.209895849227905273e+00
4.900000000000000000e+01 3.159828186035156250e+00
5.000000000000000000e+01 3.235051870346069336e+00
5.100000000000000000e+01 3.218661546707153320e+00
5.200000000000000000e+01 3.168648481369018555e+00
5.300000000000000000e+01 3.194248914718627930e+00
5.400000000000000000e+01 3.228505134582519531e+00
5.500000000000000000e+01 3.214547157287597656e+00
5.600000000000000000e+01 3.219941854476928711e+00
5.700000000000000000e+01 3.211764097213745117e+00
5.800000000000000000e+01 3.198568582534790039e+00
5.900000000000000000e+01 3.215137481689453125e+00
6.000000000000000000e+01 3.181851625442504883e+00
6.100000000000000000e+01 3.219123840332031250e+00
6.200000000000000000e+01 3.150204658508300781e+00
6.300000000000000000e+01 3.244720458984375000e+00
6.400000000000000000e+01 3.177814722061157227e+00
6.500000000000000000e+01 3.163064718246459961e+00
6.600000000000000000e+01 3.211330413818359375e+00
6.700000000000000000e+01 3.254509210586547852e+00
6.800000000000000000e+01 3.212240695953369141e+00
6.900000000000000000e+01 3.171654224395751953e+00
7.000000000000000000e+01 3.222048282623291016e+00
7.100000000000000000e+01 3.178231477737426758e+00
7.200000000000000000e+01 3.226056814193725586e+00
7.300000000000000000e+01 3.186197519302368164e+00
7.400000000000000000e+01 3.244534492492675781e+00
7.500000000000000000e+01 3.202316522598266602e+00
7.600000000000000000e+01 3.184914588928222656e+00
7.700000000000000000e+01 3.215890884399414062e+00
7.800000000000000000e+01 3.194881439208984375e+00
7.900000000000000000e+01 3.195060491561889648e+00
8.000000000000000000e+01 3.178459167480468750e+00
8.100000000000000000e+01 3.171563625335693359e+00
8.200000000000000000e+01 3.185343980789184570e+00
8.300000000000000000e+01 3.208824634552001953e+00
8.400000000000000000e+01 3.258827209472656250e+00
8.500000000000000000e+01 3.218278646469116211e+00
8.600000000000000000e+01 3.185351848602294922e+00
8.700000000000000000e+01 3.227125883102416992e+00
8.800000000000000000e+01 3.161855220794677734e+00
8.900000000000000000e+01 3.223160982131958008e+00
9.000000000000000000e+01 3.254006385803222656e+00
9.100000000000000000e+01 3.229564428329467773e+00
9.200000000000000000e+01 3.257280349731445312e+00
9.300000000000000000e+01 3.183663129806518555e+00
9.400000000000000000e+01 3.246498346328735352e+00
9.500000000000000000e+01 3.220403432846069336e+00
9.600000000000000000e+01 3.224888801574707031e+00
9.700000000000000000e+01 3.239973545074462891e+00
9.800000000000000000e+01 3.143756628036499023e+00
9.900000000000000000e+01 3.251172304153442383e+00
