0.000000000000000000e+00 2.510247707366943359e+00
1.000000000000000000e+00 2.517590045928955078e+00
2.000000000000000000e+00 2.463097572326660156e+00
3.000000000000000000e+00 2.557067394256591797e+00
4.000000000000000000e+00 2.579272031784057617e+00
5.000000000000000000e+00 2.600071907043457031e+00
6.000000000000000000e+00 2.604031801223754883e+00
7.000000000000000000e+00 2.638617515563964844e+00
8.000000000000000000e+00 2.627373218536376953e+00
9.000000000000000000e+00 2.674070835113525391e+00
1.000000000000000000e+01 2.632603645324707031e+00
1.100000000000000000e+01 2.583920955657958984e+00
1.200000000000000000e+01 2.567920923233032227e+00
1.300000000000000000e+01 2.593545436859130859e+00
1.400000000000000000e+01 2.590104579925537109e+00
1.500000000000000000e+01 2.649218797683715820e+00
1.600000000000000000e+01 2.629167318344116211e+00
1.700000000000000000e+01 2.578533172607421875e+00
1.800000000000000000e+01 2.669332981109619141e+00
1.900000000000000000e+01 2.557482481002807617e+00
2.000000000000000000e+01 2.668450117111206055e+00
2.100000000000000000e+01 2.555217266082763672e+00
2.200000000000000000e+01 2.676536560058593750e+00
2.300000000000000000e+01 2.613092184066772461e+00
2.400000000000000000e+01 2.620175600051879883e+00
2.500000000000000000e+01 2.516870021820068359e+00
2.600000000000000000e+01 2.534885168075561523e+00
2.700000000000000000e+01 2.540632009506225586e+00
2.800000000000000000e+01 2.650338888168334961e+00
2.900000000000000000e+01 2.556628465652465820e+00
3.000000000000000000e+01 2.530126094818115234e+00
3.100000000000000000e+01 2.651428699493408203e+00
3.200000000000000000e+01 2.580857992172241211e+00
3.300000000000000000e+01 2.659621238708496094e+00
3.400000000000000000e+01 2.571195602416992188e+00
3.500000000000000000e+01 2.631407737731933594e+00
3.600000000000000000e+01 2.643076896667480469e+00
3.700000000000000000e+01 2.596746444702148438e+00
3.800000000000000000e+01 2.611701011657714844e+00
3.900000000000000000e+01 2.558543682098388672e+00
4.000000000000000000e+01 2.645945310592651367e+00
4.100000000000000000e+01 2.618278980255126953e+00
4.200000000000000000e+01 2.550331354141235352e+00
4.300000000000000000e+01 2.665461540222167969e+00
4.400000000000000000e+01 2.697183132171630859e+00
4.500000000000000000e+01 2.627534866333007812e+00
4.600000000000000000e+01 2.616484165191650391e+00
4.700000000000000000e+01 2.535554409027099609e+00
4.800000000000000000e+01 2.641875743865966797e+00
4.900000000000000000e+01 2.707195758819580078e+00
5.000000000000000000e+01 2.608287572860717773e+00
5.100000000000000000e+01 2.524999856948852539e+00
5.200000000000000000e+01 2.622466802597045898e+00
5.300000000000000000e+01 2.575767278671264648e+00
5.400000000000000000e+01 2.668821573257446289e+00
5.500000000000000000e+01 2.579142093658447266e+00
5.600000000000000000e+01 2.644451618194580078e+00
5.700000000000000000e+01 2.629964590072631836e+00
5.800000000000000000e+01 2.689661741256713867e+00
5.900000000000000000e+01 2.674039840698242188e+00
6.000000000000000000e+01 2.601895809173583984e+00
6.100000000000000000e+01 2.660452127456665039e+00
6.200000000000000000e+01 2.581121683120727539e+00
6.300000000000000000e+01 2.604312658309936523e+00
6.400000000000000000e+01 2.587090492248535156e+00
6.500000000000000000e+01 2.595038652420043945e+00
6.600000000000000000e+01 2.620536804199218750e+00
6.700000000000000000e+01 2.613668203353881836e+00
6.800000000000000000e+01 2.625656843185424805e+00
6.900000000000000000e+01 2.715109825134277344e+00
7.000000000000000000e+01 2.689208269119262695e+00
7.100000000000000000e+01 2.639667749404907227e+00
7.200000000000000000e+01 2.609642505645751953e+00
7.300000000000000000e+01 2.539031267166137695e+00
7.400000000000000000e+01 2.576023817062377930e+00
7.500000000000000000e+01 2.619086027145385742e+00
7.600000000000000000e+01 2.673678636550903320e+00
7.700000000000000000e+01 2.627734422683715820e+00
7.800000000000000000e+01 2.606805801391601562e+00
7.900000000000000000e+01 2.662743806838989258e+00
8.000000000000000000e+01 2.585659980773925781e+00
8.100000000000000000e+01 2.606400966644287109e+00
8.200000000000000000e+01 2.624589681625366211e+00
8.300000000000000000e+01 2.570208072662353516e+00
8.400000000000000000e+01 2.643078565597534180e+00
8.500000000000000000e+01 2.647653102874755859e+00
8.600000000000000000e+01 2.611274242401123047e+00
8.700000000000000000e+01 2.603305339813232422e+00
8.800000000000000000e+01 2.593665361404418945e+00
8.900000000000000000e+01 2.598115682601928711e+00
9.000000000000000000e+01 2.538957357406616211e+00
9.100000000000000000e+01 2.649655103683471680e+00
9.200000000000000000e+01 2.597206830978393555e+00
9.300000000000000000e+01 2.529472827911376953e+00
9.400000000000000000e+01 2.538917064666748047e+00
9.500000000000000000e+01 2.638139724731445312e+00
9.600000000000000000e+01 2.626136779785156250e+00
9.700000000000000000e+01 2.542005300521850586e+00
9.800000000000000000e+01 2.596044778823852539e+00
9.900000000000000000e+01 2.515894651412963867e+00
