0.000000000000000000e+00 2.095477104187011719e+00
1.000000000000000000e+00 2.104429960250854492e+00
2.000000000000000000e+00 2.037517070770263672e+00
3.000000000000000000e+00 2.075964689254760742e+00
4.000000000000000000e+00 2.150426149368286133e+00
5.000000000000000000e+00 2.153815507888793945e+00
6.000000000000000000e+00 2.056218147277832031e+00
7.000000000000000000e+00 2.089393138885498047e+00
8.000000000000000000e+00 2.176601886749267578e+00
9.000000000000000000e+00 2.080475091934204102e+00
1.000000000000000000e+01 2.138105869293212891e+00
1.100000000000000000e+01 2.164690732955932617e+00
1.200000000000000000e+01 2.117533922195434570e+00
1.300000000000000000e+01 2.179148912429809570e+00
1.400000000000000000e+01 2.095469951629638672e+00
1.500000000000000000e+01 2.153876304626464844e+00
1.600000000000000000e+01 2.176247358322143555e+00
1.700000000000000000e+01 2.155084848403930664e+00
1.800000000000000000e+01 2.078837156295776367e+00
1.900000000000000000e+01 2.023518562316894531e+00
2.000000000000000000e+01 2.139934539794921875e+00
2.100000000000000000e+01 2.111274719238281250e+00
2.200000000000000000e+01 2.115833997726440430e+00
2.300000000000000000e+01 2.212448120117187500e+00
2.400000000000000000e+01 2.060865402221679688e+00
2.500000000000000000e+01 2.035990238189697266e+00
2.600000000000000000e+01 2.110569000244140625e+00
2.700000000000000000e+01 2.057247638702392578e+00
2.800000000000000000e+01 2.145942926406860352e+00
2.900000000000000000e+01 2.158978939056396484e+00
3.000000000000000000e+01 2.156754493713378906e+00
3.100000000000000000e+01 2.041011095046997070e+00
3.200000000000000000e+01 2.145040750503540039e+00
3.300000000000000000e+01 2.078416824340820312e+00
3.400000000000000000e+01 2.146404027938842773e+00
3.500000000000000000e+01 2.122329473495483398e+00
3.600000000000000000e+01 2.037491083145141602e+00
3.700000000000000000e+01 2.051341533660888672e+00
3.800000000000000000e+01 2.159964323043823242e+00
3.900000000000000000e+01 2.118049144744873047e+00
4.000000000000000000e+01 2.105069398880004883e+00
4.100000000000000000e+01 2.054833650588989258e+00
4.200000000000000000e+01 2.113189458847045898e+00
4.300000000000000000e+01 2.110688209533691406e+00
4.400000000000000000e+01 2.121233701705932617e+00
4.500000000000000000e+01 2.160830259323120117e+00
4.600000000000000000e+01 2.036226987838745117e+00
4.700000000000000000e+01 2.067085266113281250e+00
4.800000000000000000e+01 2.115837812423706055e+00
4.900000000000000000e+01 2.122502088546752930e+00
5.000000000000000000e+01 2.095777034759521484e+00
5.100000000000000000e+01 2.123059034347534180e+00
5.200000000000000000e+01 2.053622484207153320e+00
5.300000000000000000e+01 2.126397848129272461e+00
5.400000000000000000e+01 2.029134273529052734e+00
5.500000000000000000e+01 2.157371759414672852e+00
5.600000000000000000e+01 2.082417488098144531e+00
5.700000000000000000e+01 2.112328052520751953e+00
5.800000000000000000e+01 2.086562156677246094e+00
5.900000000000000000e+01 2.108234167098999023e+00
6.000000000000000000e+01 2.199298381805419922e+00
6.100000000000000000e+01 2.149118661880493164e+00
6.200000000000000000e+01 2.129644155502319336e+00
6.300000000000000000e+01 2.158660411834716797e+00
6.400000000000000000e+01 2.211456060409545898e+00
6.500000000000000000e+01 2.044440507888793945e+00
6.600000000000000000e+01 2.079754829406738281e+00
6.700000000000000000e+01 2.093831062316894531e+00
6.800000000000000000e+01 2.135593652725219727e+00
6.900000000000000000e+01 2.140796661376953125e+00
7.000000000000000000e+01 2.045826673507690430e+00
7.100000000000000000e+01 2.095948696136474609e+00
7.200000000000000000e+01 2.097804546356201172e+00
7.300000000000000000e+01 2.198798656463623047e+00
7.400000000000000000e+01 2.198838710784912109e+00
7.500000000000000000e+01 2.068395853042602539e+00
7.600000000000000000e+01 2.090817213058471680e+00
7.700000000000000000e+01 2.164848566055297852e+00
7.800000000000000000e+01 2.044651746749877930e+00
7.900000000000000000e+01 2.110587358474731445e+00
8.000000000000000000e+01 2.072012662887573242e+00
8.100000000000000000e+01 2.128124952316284180e+00
8.200000000000000000e+01 2.091199398040771484e+00
8.300000000000000000e+01 2.066592931747436523e+00
8.400000000000000000e+01 2.160626649856567383e+00
8.500000000000000000e+01 2.059981107711791992e+00
8.600000000000000000e+01 2.092377424240112305e+00
8.700000000000000000e+01 2.076174974441528320e+00
8.800000000000000000e+01 2.148575067520141602e+00
8.900000000000000000e+01 2.135754108428955078e+00
9.000000000000000000e+01 2.114667177200317383e+00
9.100000000000000000e+01 2.047755241394042969e+00
9.200000000000000000e+01 2.092892885208129883e+00
9.300000000000000000e+01 2.048603296279907227e+00
9.400000000000000000e+01 2.104449272155761719e+00
9.500000000000000000e+01 2.158827066421508789e+00
9.600000000000000000e+01 2.140092134475708008e+00
9.700000000000000000e+01 2.151629209518432617e+00
9.800000000000000000e+01 2.005662441253662109e+00
9.900000000000000000e+01 2.126313447952270508e+00
