0.000000000000000000e+00 2.609755992889404297e+00
1.000000000000000000e+00 2.657555580139160156e+00
2.000000000000000000e+00 2.622639656066894531e+00
3.000000000000000000e+00 2.710311174392700195e+00
4.000000000000000000e+00 2.703633546829223633e+00
5.000000000000000000e+00 2.639004707336425781e+00
6.000000000000000000e+00 2.660325288772583008e+00
7.000000000000000000e+00 2.684349536895751953e+00
8.000000000000000000e+00 2.625778198242187500e+00
9.000000000000000000e+00 2.734103441238403320e+00
1.000000000000000000e+01 2.734371662139892578e+00
1.100000000000000000e+01 2.632283449172973633e+00
1.200000000000000000e+01 2.778771162033081055e+00
1.300000000000000000e+01 2.835956573486328125e+00
1.400000000000000000e+01 2.737135171890258789e+00
1.500000000000000000e+01 2.699945449829101562e+00
1.600000000000000000e+01 2.727844715118408203e+00
1.700000000000000000e+01 2.764248847961425781e+00
1.800000000000000000e+01 2.750680446624755859e+00
1.900000000000000000e+01 2.724676847457885742e+00
2.000000000000000000e+01 2.845039606094360352e+00
2.100000000000000000e+01 2.700393438339233398e+00
2.200000000000000000e+01 2.630928277969360352e+00
2.300000000000000000e+01 2.767340898513793945e+00
2.400000000000000000e+01 2.703235626220703125e+00
2.500000000000000000e+01 2.736078977584838867e+00
2.600000000000000000e+01 2.732267141342163086e+00
2.700000000000000000e+01 2.597329139709472656e+00
2.800000000000000000e+01 2.677164554595947266e+00
2.900000000000000000e+01 2.639061212539672852e+00
3.000000000000000000e+01 2.632727384567260742e+00
3.100000000000000000e+01 2.564385414123535156e+00
3.200000000000000000e+01 2.796605825424194336e+00
3.300000000000000000e+01 2.671930551528930664e+00
3.400000000000000000e+01 2.667632341384887695e+00
3.500000000000000000e+01 2.661130666732788086e+00
3.600000000000000000e+01 2.671118021011352539e+00
3.700000000000000000e+01 2.724135637283325195e+00
3.800000000000000000e+01 2.639088630676269531e+00
3.900000000000000000e+01 2.684169769287109375e+00
4.000000000000000000e+01 2.710745811462402344e+00
4.100000000000000000e+01 2.731415271759033203e+00
4.200000000000000000e+01 2.726736783981323242e+00
4.300000000000000000e+01 2.758415460586547852e+00
4.400000000000000000e+01 2.692217588424682617e+00
4.500000000000000000e+01 2.666284561157226562e+00
4.600000000000000000e+01 2.709732532501220703e+00
4.700000000000000000e+01 2.727909326553344727e+00
4.800000000000000000e+01 2.764763593673706055e+00
4.900000000000000000e+01 2.651592731475830078e+00
5.000000000000000000e+01 2.818786859512329102e+00
5.100000000000000000e+01 2.738634586334228516e+00
5.200000000000000000e+01 2.760183811187744141e+00
5.300000000000000000e+01 2.764188766479492188e+00
5.400000000000000000e+01 2.710412979125976562e+00
5.500000000000000000e+01 2.719395637512207031e+00
5.600000000000000000e+01 2.636886358261108398e+00
5.700000000000000000e+01 2.757434844970703125e+00
5.800000000000000000e+01 2.783153295516967773e+00
5.900000000000000000e+01 2.744069337844848633e+00
6.000000000000000000e+01 2.733404397964477539e+00
6.100000000000000000e+01 2.725541353225708008e+00
6.200000000000000000e+01 2.742635726928710938e+00
6.300000000000000000e+01 2.658505201339721680e+00
6.400000000000000000e+01 2.646327972412109375e+00
6.500000000000000000e+01 2.729142427444458008e+00
6.600000000000000000e+01 2.644673824310302734e+00
6.700000000000000000e+01 2.740227460861206055e+00
6.800000000000000000e+01 2.738433122634887695e+00
6.900000000000000000e+01 2.621171236038208008e+00
7.000000000000000000e+01 2.665182113647460938e+00
7.100000000000000000e+01 2.801119089126586914e+00
7.200000000000000000e+01 2.665732622146606445e+00
7.300000000000000000e+01 2.687768936157226562e+00
7.400000000000000000e+01 2.723961591720581055e+00
7.500000000000000000e+01 2.789474010467529297e+00
7.600000000000000000e+01 2.694456100463867188e+00
7.700000000000000000e+01 2.710419893264770508e+00
7.800000000000000000e+01 2.681027173995971680e+00
7.900000000000000000e+01 2.744666814804077148e+00
8.000000000000000000e+01 2.750322818756103516e+00
8.100000000000000000e+01 2.803586006164550781e+00
8.200000000000000000e+01 2.670562267303466797e+00
8.300000000000000000e+01 2.646377801895141602e+00
8.400000000000000000e+01 2.729181528091430664e+00
8.500000000000000000e+01 2.717942714691162109e+00
8.600000000000000000e+01 2.733834266662597656e+00
8.700000000000000000e+01 2.775453329086303711e+00
8.800000000000000000e+01 2.671107053756713867e+00
8.900000000000000000e+01 2.686192035675048828e+00
9.000000000000000000e+01 2.728619575500488281e+00
9.100000000000000000e+01 2.715979814529418945e+00
9.200000000000000000e+01 2.680814981460571289e+00
9.300000000000000000e+01 2.850336074829101562e+00
9.400000000000000000e+01 2.776560306549072266e+00
9.500000000000000000e+01 2.718506097793579102e+00
9.600000000000000000e+01 2.867775440216064453e+00
9.700000000000000000e+01 2.780878067016601562e+00
9.800000000000000000e+01 2.758072614669799805e+00
9.900000000000000000e+01 2.677728176116943359e+00
