0.000000000000000000e+00 2.577376127243041992e+00
1.000000000000000000e+00 2.531095027923583984e+00
2.000000000000000000e+00 2.534620046615600586e+00
3.000000000000000000e+00 2.576024770736694336e+00
4.000000000000000000e+00 2.604691743850708008e+00
5.000000000000000000e+00 2.533603429794311523e+00
6.000000000000000000e+00 2.570452690124511719e+00
7.000000000000000000e+00 2.564531326293945312e+00
8.000000000000000000e+00 2.584735393524169922e+00
9.000000000000000000e+00 2.526932716369628906e+00
1.000000000000000000e+01 2.510232448577880859e+00
1.100000000000000000e+01 2.522215366363525391e+00
1.200000000000000000e+01 2.483666896820068359e+00
1.300000000000000000e+01 2.461437463760375977e+00
1.400000000000000000e+01 2.493172883987426758e+00
1.500000000000000000e+01 2.477800130844116211e+00
1.600000000000000000e+01 2.493624448776245117e+00
1.700000000000000000e+01 2.418053388595581055e+00
1.800000000000000000e+01 2.535551071166992188e+00
1.900000000000000000e+01 2.444649934768676758e+00
2.000000000000000000e+01 2.495610952377319336e+00
2.100000000000000000e+01 2.608182191848754883e+00
2.200000000000000000e+01 2.486392259597778320e+00
2.300000000000000000e+01 2.450029850006103516e+00
2.400000000000000000e+01 2.517920255661010742e+00
2.500000000000000000e+01 2.393498182296752930e+00
2.600000000000000000e+01 2.490203142166137695e+00
2.700000000000000000e+01 2.549021720886230469e+00
2.800000000000000000e+01 2.559638738632202148e+00
2.900000000000000000e+01 2.538907766342163086e+00
3.000000000000000000e+01 2.498574495315551758e+00
3.100000000000000000e+01 2.504871845245361328e+00
3.200000000000000000e+01 2.558972597122192383e+00
3.300000000000000000e+01 2.555278539657592773e+00
3.400000000000000000e+01 2.525652408599853516e+00
3.500000000000000000e+01 2.477486848831176758e+00
3.600000000000000000e+01 2.490088939666748047e+00
3.700000000000000000e+01 2.397946834564208984e+00
3.800000000000000000e+01 2.503653526306152344e+00
3.900000000000000000e+01 2.424236774444580078e+00
4.000000000000000000e+01 2.447612047195434570e+00
4.100000000000000000e+01 2.474620103836059570e+00
4.200000000000000000e+01 2.456461668014526367e+00
4.300000000000000000e+01 2.518487215042114258e+00
4.400000000000000000e+01 2.574529647827148438e+00
4.500000000000000000e+01 2.502384901046752930e+00
4.600000000000000000e+01 2.517444610595703125e+00
4.700000000000000000e+01 2.587415218353271484e+00
4.800000000000000000e+01 2.451969385147094727e+00
4.900000000000000000e+01 2.574438333511352539e+00
5.000000000000000000e+01 2.543814182281494141e+00
5.100000000000000000e+01 2.522393941879272461e+00
5.200000000000000000e+01 2.502431154251098633e+00
5.300000000000000000e+01 2.456603050231933594e+00
5.400000000000000000e+01 2.587377309799194336e+00
5.500000000000000000e+01 2.555617094039916992e+00
5.600000000000000000e+01 2.515863180160522461e+00
5.700000000000000000e+01 2.493912220001220703e+00
5.800000000000000000e+01 2.451344728469848633e+00
5.900000000000000000e+01 2.484682083129882812e+00
6.000000000000000000e+01 2.608525514602661133e+00
6.100000000000000000e+01 2.504959821701049805e+00
6.200000000000000000e+01 2.480572223663330078e+00
6.300000000000000000e+01 2.458609342575073242e+00
6.400000000000000000e+01 2.484296083450317383e+00
6.500000000000000000e+01 2.544765233993530273e+00
6.600000000000000000e+01 2.522332429885864258e+00
6.700000000000000000e+01 2.489763021469116211e+00
6.800000000000000000e+01 2.564819812774658203e+00
6.900000000000000000e+01 2.454019069671630859e+00
7.000000000000000000e+01 2.403418540954589844e+00
7.100000000000000000e+01 2.442880153656005859e+00
7.200000000000000000e+01 2.553170919418334961e+00
7.300000000000000000e+01 2.419204473495483398e+00
7.400000000000000000e+01 2.517677307128906250e+00
7.500000000000000000e+01 2.456640005111694336e+00
7.600000000000000000e+01 2.526539802551269531e+00
7.700000000000000000e+01 2.515455245971679688e+00
7.800000000000000000e+01 2.469767332077026367e+00
7.900000000000000000e+01 2.460949897766113281e+00
8.000000000000000000e+01 2.453722238540649414e+00
8.100000000000000000e+01 2.429112195968627930e+00
8.200000000000000000e+01 2.393428325653076172e+00
8.300000000000000000e+01 2.453398942947387695e+00
8.400000000000000000e+01 2.551319599151611328e+00
8.500000000000000000e+01 2.541827201843261719e+00
8.600000000000000000e+01 2.535789489746093750e+00
8.700000000000000000e+01 2.502000093460083008e+00
8.800000000000000000e+01 2.413773775100708008e+00
8.900000000000000000e+01 2.504167318344116211e+00
9.000000000000000000e+01 2.557523012161254883e+00
9.100000000000000000e+01 2.523592710494995117e+00
9.200000000000000000e+01 2.508955955505371094e+00
9.300000000000000000e+01 2.469043970108032227e+00
9.400000000000000000e+01 2.484884500503540039e+00
9.500000000000000000e+01 2.460931539535522461e+00
9.600000000000000000e+01 2.472987651824951172e+00
9.700000000000000000e+01 2.539619684219360352e+00
9.800000000000000000e+01 2.482956886291503906e+00
9.900000000000000000e+01 2.523784875869750977e+00
