0.000000000000000000e+00 3.147289037704467773e+00
1.000000000000000000e+00 3.103225231170654297e+00
2.000000000000000000e+00 3.107876300811767578e+00
3.000000000000000000e+00 3.110169887542724609e+00
4.000000000000000000e+00 3.109209537506103516e+00
5.000000000000000000e+00 3.159351348876953125e+00
6.000000000000000000e+00 3.075362443923950195e+00
7.000000000000000000e+00 3.070489883422851562e+00
8.000000000000000000e+00 3.113385677337646484e+00
9.000000000000000000e+00 3.030514717102050781e+00
1.000000000000000000e+01 3.107896566390991211e+00
1.100000000000000000e+01 3.104614734649658203e+00
1.200000000000000000e+01 3.016991376876831055e+00
1.300000000000000000e+01 3.064125537872314453e+00
1.400000000000000000e+01 3.014452219009399414e+00
1.500000000000000000e+01 3.082897424697875977e+00
1.600000000000000000e+01 3.057794570922851562e+00
1.700000000000000000e+01 3.123932838439941406e+00
1.800000000000000000e+01 3.021068096160888672e+00
1.900000000000000000e+01 3.125347137451171875e+00
2.000000000000000000e+01 3.064893484115600586e+00
2.100000000000000000e+01 3.098721504211425781e+00
2.200000000000000000e+01 3.112345457077026367e+00
2.300000000000000000e+01 3.122387170791625977e+00
2.400000000000000000e+01 3.095520973205566406e+00
2.500000000000000000e+01 3.069073200225830078e+00
2.600000000000000000e+01 3.071617364883422852e+00
2.700000000000000000e+01 3.146393537521362305e+00
2.800000000000000000e+01 3.112569332122802734e+00
2.900000000000000000e+01 3.068483591079711914e+00
3.000000000000000000e+01 3.174119710922241211e+00
3.100000000000000000e+01 3.058152437210083008e+00
3.200000000000000000e+01 3.050310373306274414e+00
3.300000000000000000e+01 3.043175697326660156e+00
3.400000000000000000e+01 3.082493543624877930e+00
3.500000000000000000e+01 3.051604270935058594e+00
3.600000000000000000e+01 3.017024278640747070e+00
3.700000000000000000e+01 3.044899225234985352e+00
3.800000000000000000e+01 3.090221881866455078e+00
3.900000000000000000e+01 3.111495494842529297e+00
4.000000000000000000e+01 3.018843173980712891e+00
4.100000000000000000e+01 3.119220495223999023e+00
4.200000000000000000e+01 3.093135356903076172e+00
4.300000000000000000e+01 2.942197561264038086e+00
4.400000000000000000e+01 2.994971275329589844e+00
4.500000000000000000e+01 3.032729625701904297e+00
4.600000000000000000e+01 3.036606311798095703e+00
4.700000000000000000e+01 3.088508605957031250e+00
4.800000000000000000e+01 3.082342386245727539e+00
4.900000000000000000e+01 3.157184362411499023e+00
5.000000000000000000e+01 3.126387357711791992e+00
5.100000000000000000e+01 3.118600845336914062e+00
5.200000000000000000e+01 3.091077566146850586e+00
5.300000000000000000e+01 3.118130445480346680e+00
5.400000000000000000e+01 3.043558597564697266e+00
5.500000000000000000e+01 3.141684055328369141e+00
5.600000000000000000e+01 3.102328062057495117e+00
5.700000000000000000e+01 3.131836652755737305e+00
5.800000000000000000e+01 3.031215429306030273e+00
5.900000000000000000e+01 2.993738889694213867e+00
6.000000000000000000e+01 3.040807485580444336e+00
6.100000000000000000e+01 3.022240161895751953e+00
6.200000000000000000e+01 3.007785081863403320e+00
6.300000000000000000e+01 3.025883436203002930e+00
6.400000000000000000e+01 3.002013683319091797e+00
6.500000000000000000e+01 3.081264019012451172e+00
6.600000000000000000e+01 3.052607774734497070e+00
6.700000000000000000e+01 3.080483436584472656e+00
6.800000000000000000e+01 3.006588935852050781e+00
6.900000000000000000e+01 3.060979843139648438e+00
7.000000000000000000e+01 3.145040988922119141e+00
7.100000000000000000e+01 3.043797254562377930e+00
7.200000000000000000e+01 3.111220598220825195e+00
7.300000000000000000e+01 3.126369714736938477e+00
7.400000000000000000e+01 3.121846914291381836e+00
7.500000000000000000e+01 3.154854297637939453e+00
7.600000000000000000e+01 3.107560634613037109e+00
7.700000000000000000e+01 3.059827089309692383e+00
7.800000000000000000e+01 3.164123535156250000e+00
7.900000000000000000e+01 3.164310932159423828e+00
8.000000000000000000e+01 3.072593450546264648e+00
8.100000000000000000e+01 3.126260280609130859e+00
8.200000000000000000e+01 3.048866510391235352e+00
8.300000000000000000e+01 3.051192522048950195e+00
8.400000000000000000e+01 3.105617761611938477e+00
8.500000000000000000e+01 3.052802085876464844e+00
8.600000000000000000e+01 2.972635984420776367e+00
8.700000000000000000e+01 3.092829227447509766e+00
8.800000000000000000e+01 3.131463766098022461e+00
8.900000000000000000e+01 3.083614587783813477e+00
9.000000000000000000e+01 3.109856605529785156e+00
9.100000000000000000e+01 3.092470884323120117e+00
9.200000000000000000e+01 3.051337242126464844e+00
9.300000000000000000e+01 3.000905036926269531e+00
9.400000000000000000e+01 3.020975351333618164e+00
9.500000000000000000e+01 3.055947542190551758e+00
9.600000000000000000e+01 3.061806678771972656e+00
9.700000000000000000e+01 3.136495828628540039e+00
9.800000000000000000e+01 3.168096780776977539e+00
9.900000000000000000e+01 3.110769748687744141e+00
