0.000000000000000000e+00 3.221913576126098633e+00
1.000000000000000000e+00 3.246629476547241211e+00
2.000000000000000000e+00 3.276285648345947266e+00
3.000000000000000000e+00 3.195557594299316406e+00
4.000000000000000000e+00 3.210012674331665039e+00
5.000000000000000000e+00 3.238104581832885742e+00
6.000000000000000000e+00 3.242575883865356445e+00
7.000000000000000000e+00 3.227797746658325195e+00
8.000000000000000000e+00 3.223509550094604492e+00
9.000000000000000000e+00 3.226582288742065430e+00
1.000000000000000000e+01 3.194360494613647461e+00
1.100000000000000000e+01 3.255580186843872070e+00
1.200000000000000000e+01 3.148210048675537109e+00
1.300000000000000000e+01 3.212628126144409180e+00
1.400000000000000000e+01 3.238592863082885742e+00
1.500000000000000000e+01 3.127568483352661133e+00
1.600000000000000000e+01 3.222072362899780273e+00
1.700000000000000000e+01 3.252373695373535156e+00
1.800000000000000000e+01 3.224717617034912109e+00
1.900000000000000000e+01 3.236562728881835938e+00
2.000000000000000000e+01 3.284034967422485352e+00
2.100000000000000000e+01 3.197529554367065430e+00
2.200000000000000000e+01 3.173761129379272461e+00
2.300000000000000000e+01 3.169632673263549805e+00
2.400000000000000000e+01 3.256672620773315430e+00
2.500000000000000000e+01 3.248142480850219727e+00
2.600000000000000000e+01 3.202068805694580078e+00
2.700000000000000000e+01 3.202448368072509766e+00
2.800000000000000000e+01 3.144006490707397461e+00
2.900000000000000000e+01 3.166974782943725586e+00
3.000000000000000000e+01 3.215370178222656250e+00
3.100000000000000000e+01 3.198628425598144531e+00
3.200000000000000000e+01 3.262811660766601562e+00
3.300000000000000000e+01 3.205411434173583984e+00
3.400000000000000000e+01 3.244912385940551758e+00
3.500000000000000000e+01 3.225720405578613281e+00
3.600000000000000000e+01 3.146365642547607422e+00
3.700000000000000000e+01 3.249073266983032227e+00
3.800000000000000000e+01 3.268563270568847656e+00
3.900000000000000000e+01 3.206828832626342773e+00
4.000000000000000000e+01 3.224144458770751953e+00
4.100000000000000000e+01 3.237759113311767578e+00
4.200000000000000000e+01 3.189383983612060547e+00
4.300000000000000000e+01 3.124355792999267578e+00
4.400000000000000000e+01 3.180181503295898438e+00
4.500000000000000000e+01 3.105420589447021484e+00
4.600000000000000000e+01 3.147665977478027344e+00
4.700000000000000000e+01 3.200750350952148438e+00
4.800000000000000000e+01 3.211512804031372070e+00
4.900000000000000000e+01 3.193469762802124023e+00
5.000000000000000000e+01 3.238804578781127930e+00
5.100000000000000000e+01 3.207226753234863281e+00
5.200000000000000000e+01 3.263418197631835938e+00
5.300000000000000000e+01 3.171944379806518555e+00
5.400000000000000000e+01 3.177680253982543945e+00
5.500000000000000000e+01 3.225243806838989258e+00
5.600000000000000000e+01 3.234165906906127930e+00
5.700000000000000000e+01 3.192767858505249023e+00
5.800000000000000000e+01 3.194100618362426758e+00
5.900000000000000000e+01 3.239718198776245117e+00
6.000000000000000000e+01 3.230266332626342773e+00
6.100000000000000000e+01 3.215326547622680664e+00
6.200000000000000000e+01 3.261822938919067383e+00
6.300000000000000000e+01 3.253160476684570312e+00
6.400000000000000000e+01 3.224520444869995117e+00
6.500000000000000000e+01 3.190062999725341797e+00
6.600000000000000000e+01 3.259492397308349609e+00
6.700000000000000000e+01 3.209073305130004883e+00
6.800000000000000000e+01 3.264843940734863281e+00
6.900000000000000000e+01 3.213908672332763672e+00
7.000000000000000000e+01 3.204124927520751953e+00
7.100000000000000000e+01 3.195952415466308594e+00
7.200000000000000000e+01 3.168972253799438477e+00
7.300000000000000000e+01 3.182705640792846680e+00
7.400000000000000000e+01 3.187611103057861328e+00
7.500000000000000000e+01 3.232259273529052734e+00
7.600000000000000000e+01 3.236831188201904297e+00
7.700000000000000000e+01 3.254790544509887695e+00
7.800000000000000000e+01 3.242564678192138672e+00
7.900000000000000000e+01 3.211529016494750977e+00
8.000000000000000000e+01 3.229291200637817383e+00
8.100000000000000000e+01 3.185314178466796875e+00
8.200000000000000000e+01 3.202353715896606445e+00
8.300000000000000000e+01 3.229112863540649414e+00
8.400000000000000000e+01 3.227205753326416016e+00
8.500000000000000000e+01 3.275711774826049805e+00
8.600000000000000000e+01 3.228028059005737305e+00
8.700000000000000000e+01 3.216320753097534180e+00
8.800000000000000000e+01 3.286328077316284180e+00
8.900000000000000000e+01 3.248292922973632812e+00
9.000000000000000000e+01 3.249490261077880859e+00
9.100000000000000000e+01 3.234491109848022461e+00
9.200000000000000000e+01 3.091567516326904297e+00
9.300000000000000000e+01 3.260438203811645508e+00
9.400000000000000000e+01 3.246721029281616211e+00
9.500000000000000000e+01 3.211209058761596680e+00
9.600000000000000000e+01 3.239934921264648438e+00
9.700000000000000000e+01 3.256310462951660156e+00
9.800000000000000000e+01 3.223202943801879883e+00
9.900000000000000000e+01 3.157021999359130859e+00
