0.000000000000000000e+00 3.180745363235473633e+00
1.000000000000000000e+00 3.180735349655151367e+00
2.000000000000000000e+00 3.130177736282348633e+00
3.000000000000000000e+00 3.064293622970581055e+00
4.000000000000000000e+00 3.154919385910034180e+00
5.000000000000000000e+00 3.174554824829101562e+00
6.000000000000000000e+00 3.118262767791748047e+00
7.000000000000000000e+00 3.211983919143676758e+00
8.000000000000000000e+00 3.208331108093261719e+00
9.000000000000000000e+00 3.143715858459472656e+00
1.000000000000000000e+01 3.203832626342773438e+00
1.100000000000000000e+01 3.097844839096069336e+00
1.200000000000000000e+01 3.138320446014404297e+00
1.300000000000000000e+01 3.180545568466186523e+00
1.400000000000000000e+01 3.169330120086669922e+00
1.500000000000000000e+01 3.169475317001342773e+00
1.600000000000000000e+01 3.176490545272827148e+00
1.700000000000000000e+01 3.177142381668090820e+00
1.800000000000000000e+01 3.165616035461425781e+00
1.900000000000000000e+01 3.224588871002197266e+00
2.000000000000000000e+01 3.124324321746826172e+00
2.100000000000000000e+01 3.152259588241577148e+00
2.200000000000000000e+01 3.125146627426147461e+00
2.300000000000000000e+01 3.177455186843872070e+00
2.400000000000000000e+01 3.174182891845703125e+00
2.500000000000000000e+01 3.132022857666015625e+00
2.600000000000000000e+01 3.166500329971313477e+00
2.700000000000000000e+01 3.111533641815185547e+00
2.800000000000000000e+01 3.101992607116699219e+00
2.900000000000000000e+01 3.076081037521362305e+00
3.000000000000000000e+01 3.163784503936767578e+00
3.100000000000000000e+01 3.196064949035644531e+00
3.200000000000000000e+01 3.233228921890258789e+00
3.300000000000000000e+01 3.260097026824951172e+00
3.400000000000000000e+01 3.164175271987915039e+00
3.500000000000000000e+01 3.111183404922485352e+00
3.600000000000000000e+01 3.177725553512573242e+00
3.700000000000000000e+01 3.142645597457885742e+00
3.800000000000000000e+01 3.160531520843505859e+00
3.900000000000000000e+01 3.129378557205200195e+00
4.000000000000000000e+01 3.156173706054687500e+00
4.100000000000000000e+01 3.176742315292358398e+00
4.200000000000000000e+01 3.160598516464233398e+00
4.300000000000000000e+01 3.189184427261352539e+00
4.400000000000000000e+01 3.208379745483398438e+00
4.500000000000000000e+01 3.197690010070800781e+00
4.600000000000000000e+01 3.173222541809082031e+00
4.700000000000000000e+01 3.216920614242553711e+00
4.800000000000000000e+01 3.096998214721679688e+00
4.900000000000000000e+01 3.123762130737304688e+00
5.000000000000000000e+01 3.142807960510253906e+00
5.100000000000000000e+01 3.092082262039184570e+00
5.200000000000000000e+01 3.171365261077880859e+00
5.300000000000000000e+01 3.146619081497192383e+00
5.400000000000000000e+01 3.120398283004760742e+00
5.500000000000000000e+01 3.218178510665893555e+00
5.600000000000000000e+01 3.162165641784667969e+00
5.700000000000000000e+01 3.143615722656250000e+00
5.800000000000000000e+01 3.171624660491943359e+00
5.900000000000000000e+01 3.223093271255493164e+00
6.000000000000000000e+01 3.117554664611816406e+00
6.100000000000000000e+01 3.197238445281982422e+00
6.200000000000000000e+01 3.211077928543090820e+00
6.300000000000000000e+01 3.104940414428710938e+00
6.400000000000000000e+01 3.096171617507934570e+00
6.500000000000000000e+01 3.099445343017578125e+00
6.600000000000000000e+01 3.124561071395874023e+00
6.700000000000000000e+01 3.227364063262939453e+00
6.800000000000000000e+01 3.208018779754638672e+00
6.900000000000000000e+01 3.193389177322387695e+00
7.000000000000000000e+01 3.125341415405273438e+00
7.100000000000000000e+01 3.059249639511108398e+00
7.200000000000000000e+01 3.161814689636230469e+00
7.300000000000000000e+01 3.206268787384033203e+00
7.400000000000000000e+01 3.179787635803222656e+00
7.500000000000000000e+01 3.203833103179931641e+00
7.600000000000000000e+01 3.169056177139282227e+00
7.700000000000000000e+01 3.209679603576660156e+00
7.800000000000000000e+01 3.188922405242919922e+00
7.900000000000000000e+01 3.146525859832763672e+00
8.000000000000000000e+01 3.141054153442382812e+00
8.100000000000000000e+01 3.144856452941894531e+00
8.200000000000000000e+01 3.157315731048583984e+00
8.300000000000000000e+01 3.177803516387939453e+00
8.400000000000000000e+01 3.163672685623168945e+00
8.500000000000000000e+01 3.184914350509643555e+00
8.600000000000000000e+01 3.242433786392211914e+00
8.700000000000000000e+01 3.188008308410644531e+00
8.800000000000000000e+01 3.178181648254394531e+00
8.900000000000000000e+01 3.172708034515380859e+00
9.000000000000000000e+01 3.190622806549072266e+00
9.100000000000000000e+01 3.149497032165527344e+00
9.200000000000000000e+01 3.091794252395629883e+00
9.300000000000000000e+01 3.165163993835449219e+00
9.400000000000000000e+01 3.197736024856567383e+00
9.500000000000000000e+01 3.211515665054321289e+00
9.600000000000000000e+01 3.197583675384521484e+00
9.700000000000000000e+01 3.090907096862792969e+00
9.800000000000000000e+01 3.187206268310546875e+00
9.900000000000000000e+01 3.190353155136108398e+00
