0.000000000000000000e+00 1.531787753105163574e+00
1.000000000000000000e+00 1.470903635025024414e+00
2.000000000000000000e+00 1.484201788902282715e+00
3.000000000000000000e+00 1.521085023880004883e+00
4.000000000000000000e+00 1.448974847793579102e+00
5.000000000000000000e+00 1.461873769760131836e+00
6.000000000000000000e+00 1.494436860084533691e+00
7.000000000000000000e+00 1.483802914619445801e+00
8.000000000000000000e+00 1.426722407341003418e+00
9.000000000000000000e+00 1.465877294540405273e+00
1.000000000000000000e+01 1.503791928291320801e+00
1.100000000000000000e+01 1.496065974235534668e+00
1.200000000000000000e+01 1.450319290161132812e+00
1.300000000000000000e+01 1.432890176773071289e+00
1.400000000000000000e+01 1.451211929321289062e+00
1.500000000000000000e+01 1.489799857139587402e+00
1.600000000000000000e+01 1.442454338073730469e+00
1.700000000000000000e+01 1.467796206474304199e+00
1.800000000000000000e+01 1.414015650749206543e+00
1.900000000000000000e+01 1.561350941658020020e+00
2.000000000000000000e+01 1.519932031631469727e+00
2.100000000000000000e+01 1.428604602813720703e+00
2.200000000000000000e+01 1.464893341064453125e+00
2.300000000000000000e+01 1.479723095893859863e+00
2.400000000000000000e+01 1.417745232582092285e+00
2.500000000000000000e+01 1.509969711303710938e+00
2.600000000000000000e+01 1.441261053085327148e+00
2.700000000000000000e+01 1.507596373558044434e+00
2.800000000000000000e+01 1.454309344291687012e+00
2.900000000000000000e+01 1.456798911094665527e+00
3.000000000000000000e+01 1.526748538017272949e+00
3.100000000000000000e+01 1.505225896835327148e+00
3.200000000000000000e+01 1.515821099281311035e+00
3.300000000000000000e+01 1.446679830551147461e+00
3.400000000000000000e+01 1.510000467300415039e+00
3.500000000000000000e+01 1.490783452987670898e+00
3.600000000000000000e+01 1.459327340126037598e+00
3.700000000000000000e+01 1.468588232994079590e+00
3.800000000000000000e+01 1.444503426551818848e+00
3.900000000000000000e+01 1.505465984344482422e+00
4.000000000000000000e+01 1.514005541801452637e+00
4.100000000000000000e+01 1.541774749755859375e+00
4.200000000000000000e+01 1.503138184547424316e+00
4.300000000000000000e+01 1.461941123008728027e+00
4.400000000000000000e+01 1.431503772735595703e+00
4.500000000000000000e+01 1.444923996925354004e+00
4.600000000000000000e+01 1.455038309097290039e+00
4.700000000000000000e+01 1.553511977195739746e+00
4.800000000000000000e+01 1.574198722839355469e+00
4.900000000000000000e+01 1.597811341285705566e+00
5.000000000000000000e+01 1.498417615890502930e+00
5.100000000000000000e+01 1.488019585609436035e+00
5.200000000000000000e+01 1.514364480972290039e+00
5.300000000000000000e+01 1.463301539421081543e+00
5.400000000000000000e+01 1.515583992004394531e+00
5.500000000000000000e+01 1.452149152755737305e+00
5.600000000000000000e+01 1.454526543617248535e+00
5.700000000000000000e+01 1.582485198974609375e+00
5.800000000000000000e+01 1.500967502593994141e+00
5.900000000000000000e+01 1.548101186752319336e+00
6.000000000000000000e+01 1.465979814529418945e+00
6.100000000000000000e+01 1.448937535285949707e+00
6.200000000000000000e+01 1.493443250656127930e+00
6.300000000000000000e+01 1.504278659820556641e+00
6.400000000000000000e+01 1.436377763748168945e+00
6.500000000000000000e+01 1.485500216484069824e+00
6.600000000000000000e+01 1.492508769035339355e+00
6.700000000000000000e+01 1.526726365089416504e+00
6.800000000000000000e+01 1.446908950805664062e+00
6.900000000000000000e+01 1.450915694236755371e+00
7.000000000000000000e+01 1.417999386787414551e+00
7.100000000000000000e+01 1.435762643814086914e+00
7.200000000000000000e+01 1.524310588836669922e+00
7.300000000000000000e+01 1.512580752372741699e+00
7.400000000000000000e+01 1.456168293952941895e+00
7.500000000000000000e+01 1.434674620628356934e+00
7.600000000000000000e+01 1.449448108673095703e+00
7.700000000000000000e+01 1.504990339279174805e+00
7.800000000000000000e+01 1.459529399871826172e+00
7.900000000000000000e+01 1.458822011947631836e+00
8.000000000000000000e+01 1.447967529296875000e+00
8.100000000000000000e+01 1.568076610565185547e+00
8.200000000000000000e+01 1.477850437164306641e+00
8.300000000000000000e+01 1.508114814758300781e+00
8.400000000000000000e+01 1.459424495697021484e+00
8.500000000000000000e+01 1.498808741569519043e+00
8.600000000000000000e+01 1.415204286575317383e+00
8.700000000000000000e+01 1.478790879249572754e+00
8.800000000000000000e+01 1.492096781730651855e+00
8.900000000000000000e+01 1.431522488594055176e+00
9.000000000000000000e+01 1.444195270538330078e+00
9.100000000000000000e+01 1.471450567245483398e+00
9.200000000000000000e+01 1.477386236190795898e+00
9.300000000000000000e+01 1.484973073005676270e+00
9.400000000000000000e+01 1.458152651786804199e+00
9.500000000000000000e+01 1.447376847267150879e+00
9.600000000000000000e+01 1.543612360954284668e+00
9.700000000000000000e+01 1.445228099822998047e+00
9.800000000000000000e+01 1.514476895332336426e+00
9.900000000000000000e+01 1.480317592620849609e+00
