0.000000000000000000e+00 3.075780630111694336e+00
1.000000000000000000e+00 2.964460372924804688e+00
2.000000000000000000e+00 3.002115964889526367e+00
3.000000000000000000e+00 3.018064737319946289e+00
4.000000000000000000e+00 3.026658058166503906e+00
5.000000000000000000e+00 3.003828763961791992e+00
6.000000000000000000e+00 2.937963962554931641e+00
7.000000000000000000e+00 2.984645128250122070e+00
8.000000000000000000e+00 3.086115121841430664e+00
9.000000000000000000e+00 2.998969554901123047e+00
1.000000000000000000e+01 3.038141489028930664e+00
1.100000000000000000e+01 3.055028200149536133e+00
1.200000000000000000e+01 2.941992282867431641e+00
1.300000000000000000e+01 2.981330156326293945e+00
1.400000000000000000e+01 2.973719835281372070e+00
1.500000000000000000e+01 3.045144319534301758e+00
1.600000000000000000e+01 2.920578002929687500e+00
1.700000000000000000e+01 2.939027547836303711e+00
1.800000000000000000e+01 3.032193422317504883e+00
1.900000000000000000e+01 3.027827501296997070e+00
2.000000000000000000e+01 3.046726703643798828e+00
2.100000000000000000e+01 3.026831626892089844e+00
2.200000000000000000e+01 3.079262733459472656e+00
2.300000000000000000e+01 2.872413396835327148e+00
2.400000000000000000e+01 3.044659614562988281e+00
2.500000000000000000e+01 2.973267793655395508e+00
2.600000000000000000e+01 2.954930067062377930e+00
2.700000000000000000e+01 3.055455923080444336e+00
2.800000000000000000e+01 3.013192653656005859e+00
2.900000000000000000e+01 3.063401460647583008e+00
3.000000000000000000e+01 2.987613916397094727e+00
3.100000000000000000e+01 2.936590433120727539e+00
3.200000000000000000e+01 2.996333599090576172e+00
3.300000000000000000e+01 3.003928661346435547e+00
3.400000000000000000e+01 2.986698150634765625e+00
3.500000000000000000e+01 3.017347335815429688e+00
3.600000000000000000e+01 2.955855846405029297e+00
3.700000000000000000e+01 3.037733793258666992e+00
3.800000000000000000e+01 2.975774765014648438e+00
3.900000000000000000e+01 3.000717163085937500e+00
4.000000000000000000e+01 2.979003429412841797e+00
4.100000000000000000e+01 2.949746847152709961e+00
4.200000000000000000e+01 3.040595054626464844e+00
4.300000000000000000e+01 2.954384565353393555e+00
4.400000000000000000e+01 2.940322875976562500e+00
4.500000000000000000e+01 3.003011226654052734e+00
4.600000000000000000e+01 2.973876476287841797e+00
4.700000000000000000e+01 2.996572494506835938e+00
4.800000000000000000e+01 2.962143182754516602e+00
4.900000000000000000e+01 2.958417654037475586e+00
5.000000000000000000e+01 3.018044948577880859e+00
5.100000000000000000e+01 2.937755346298217773e+00
5.200000000000000000e+01 3.006590366363525391e+00
5.300000000000000000e+01 2.940650224685668945e+00
5.400000000000000000e+01 2.933141469955444336e+00
5.500000000000000000e+01 3.086335897445678711e+00
5.600000000000000000e+01 3.021632671356201172e+00
5.700000000000000000e+01 3.036823272705078125e+00
5.800000000000000000e+01 2.944293260574340820e+00
5.900000000000000000e+01 2.996577739715576172e+00
6.000000000000000000e+01 2.917931079864501953e+00
6.100000000000000000e+01 3.014045000076293945e+00
6.200000000000000000e+01 2.953331947326660156e+00
6.300000000000000000e+01 2.933204174041748047e+00
6.400000000000000000e+01 2.999114274978637695e+00
6.500000000000000000e+01 3.186471462249755859e+00
6.600000000000000000e+01 3.060735464096069336e+00
6.700000000000000000e+01 3.049036264419555664e+00
6.800000000000000000e+01 3.122583150863647461e+00
6.900000000000000000e+01 2.997228860855102539e+00
7.000000000000000000e+01 2.915521621704101562e+00
7.100000000000000000e+01 3.039736747741699219e+00
7.200000000000000000e+01 3.059713840484619141e+00
7.300000000000000000e+01 3.008946657180786133e+00
7.400000000000000000e+01 3.079179525375366211e+00
7.500000000000000000e+01 2.871523141860961914e+00
7.600000000000000000e+01 2.990606546401977539e+00
7.700000000000000000e+01 2.989475965499877930e+00
7.800000000000000000e+01 2.951533079147338867e+00
7.900000000000000000e+01 3.042564868927001953e+00
8.000000000000000000e+01 3.011245727539062500e+00
8.100000000000000000e+01 2.954349756240844727e+00
8.200000000000000000e+01 2.892978191375732422e+00
8.300000000000000000e+01 3.031171321868896484e+00
8.400000000000000000e+01 3.012955904006958008e+00
8.500000000000000000e+01 2.991101026535034180e+00
8.600000000000000000e+01 3.041335582733154297e+00
8.700000000000000000e+01 3.027107238769531250e+00
8.800000000000000000e+01 3.058749675750732422e+00
8.900000000000000000e+01 2.973195791244506836e+00
9.000000000000000000e+01 2.944544792175292969e+00
9.100000000000000000e+01 2.953946828842163086e+00
9.200000000000000000e+01 2.977320194244384766e+00
9.300000000000000000e+01 3.070225000381469727e+00
9.400000000000000000e+01 2.923101186752319336e+00
9.500000000000000000e+01 2.970233440399169922e+00
9.600000000000000000e+01 2.943783998489379883e+00
9.700000000000000000e+01 3.023523092269897461e+00
9.800000000000000000e+01 3.007834196090698242e+00
9.900000000000000000e+01 2.981389760971069336e+00
