0.000000000000000000e+00 1.642156839370727539e+00
1.000000000000000000e+00 1.502343058586120605e+00
2.000000000000000000e+00 1.519492626190185547e+00
3.000000000000000000e+00 1.601946353912353516e+00
4.000000000000000000e+00 1.494720339775085449e+00
5.000000000000000000e+00 1.527575850486755371e+00
6.000000000000000000e+00 1.597269296646118164e+00
7.000000000000000000e+00 1.541433572769165039e+00
8.000000000000000000e+00 1.476516604423522949e+00
9.000000000000000000e+00 1.552064895629882812e+00
1.000000000000000000e+01 1.502914547920227051e+00
1.100000000000000000e+01 1.478971362113952637e+00
1.200000000000000000e+01 1.622717261314392090e+00
1.300000000000000000e+01 1.568116068840026855e+00
1.400000000000000000e+01 1.452494025230407715e+00
1.500000000000000000e+01 1.615932226181030273e+00
1.600000000000000000e+01 1.528716802597045898e+00
1.700000000000000000e+01 1.428475141525268555e+00
1.800000000000000000e+01 1.573605060577392578e+00
1.900000000000000000e+01 1.573303461074829102e+00
2.000000000000000000e+01 1.576191067695617676e+00
2.100000000000000000e+01 1.536065936088562012e+00
2.200000000000000000e+01 1.540806651115417480e+00
2.300000000000000000e+01 1.547572970390319824e+00
2.400000000000000000e+01 1.453383922576904297e+00
2.500000000000000000e+01 1.634196281433105469e+00
2.600000000000000000e+01 1.634194374084472656e+00
2.700000000000000000e+01 1.551801800727844238e+00
2.800000000000000000e+01 1.488014698028564453e+00
2.900000000000000000e+01 1.537128806114196777e+00
3.000000000000000000e+01 1.605358719825744629e+00
3.100000000000000000e+01 1.517152786254882812e+00
3.200000000000000000e+01 1.551663160324096680e+00
3.300000000000000000e+01 1.517674803733825684e+00
3.400000000000000000e+01 1.519229054450988770e+00
3.500000000000000000e+01 1.595624804496765137e+00
3.600000000000000000e+01 1.458277344703674316e+00
3.700000000000000000e+01 1.556148052215576172e+00
3.800000000000000000e+01 1.524867773056030273e+00
3.900000000000000000e+01 1.611038923263549805e+00
4.000000000000000000e+01 1.612443447113037109e+00
4.100000000000000000e+01 1.552573680877685547e+00
4.200000000000000000e+01 1.526317238807678223e+00
4.300000000000000000e+01 1.589029788970947266e+00
4.400000000000000000e+01 1.623585343360900879e+00
4.500000000000000000e+01 1.549954414367675781e+00
4.600000000000000000e+01 1.583817720413208008e+00
4.700000000000000000e+01 1.567898392677307129e+00
4.800000000000000000e+01 1.643007993698120117e+00
4.900000000000000000e+01 1.531939387321472168e+00
5.000000000000000000e+01 1.494346499443054199e+00
5.100000000000000000e+01 1.527097940444946289e+00
5.200000000000000000e+01 1.526928901672363281e+00
5.300000000000000000e+01 1.557988524436950684e+00
5.400000000000000000e+01 1.510545253753662109e+00
5.500000000000000000e+01 1.453077554702758789e+00
5.600000000000000000e+01 1.537909030914306641e+00
5.700000000000000000e+01 1.551535964012145996e+00
5.800000000000000000e+01 1.528633594512939453e+00
5.900000000000000000e+01 1.605267882347106934e+00
6.000000000000000000e+01 1.510112762451171875e+00
6.100000000000000000e+01 1.618251919746398926e+00
6.200000000000000000e+01 1.553954720497131348e+00
6.300000000000000000e+01 1.564047336578369141e+00
6.400000000000000000e+01 1.532770633697509766e+00
6.500000000000000000e+01 1.581504821777343750e+00
6.600000000000000000e+01 1.548021197319030762e+00
6.700000000000000000e+01 1.473982691764831543e+00
6.800000000000000000e+01 1.523224353790283203e+00
6.900000000000000000e+01 1.558327555656433105e+00
7.000000000000000000e+01 1.538710236549377441e+00
7.100000000000000000e+01 1.562887191772460938e+00
7.200000000000000000e+01 1.614357829093933105e+00
7.300000000000000000e+01 1.481635332107543945e+00
7.400000000000000000e+01 1.537642955780029297e+00
7.500000000000000000e+01 1.567656993865966797e+00
7.600000000000000000e+01 1.582125544548034668e+00
7.700000000000000000e+01 1.558755993843078613e+00
7.800000000000000000e+01 1.480002164840698242e+00
7.900000000000000000e+01 1.629453301429748535e+00
8.000000000000000000e+01 1.563041925430297852e+00
8.100000000000000000e+01 1.581759572029113770e+00
8.200000000000000000e+01 1.596385836601257324e+00
8.300000000000000000e+01 1.531228780746459961e+00
8.400000000000000000e+01 1.513930201530456543e+00
8.500000000000000000e+01 1.479895353317260742e+00
8.600000000000000000e+01 1.537804841995239258e+00
8.700000000000000000e+01 1.525945663452148438e+00
8.800000000000000000e+01 1.538366436958312988e+00
8.900000000000000000e+01 1.560798048973083496e+00
9.000000000000000000e+01 1.504667997360229492e+00
9.100000000000000000e+01 1.520937204360961914e+00
9.200000000000000000e+01 1.478837728500366211e+00
9.300000000000000000e+01 1.484058380126953125e+00
9.400000000000000000e+01 1.543866991996765137e+00
9.500000000000000000e+01 1.581914424896240234e+00
9.600000000000000000e+01 1.524452567100524902e+00
9.700000000000000000e+01 1.451270699501037598e+00
9.800000000000000000e+01 1.522657513618469238e+00
9.900000000000000000e+01 1.572066426277160645e+00
