0.000000000000000000e+00 1.636296272277832031e+00
1.000000000000000000e+00 1.733117699623107910e+00
2.000000000000000000e+00 1.670834898948669434e+00
3.000000000000000000e+00 1.550232291221618652e+00
4.000000000000000000e+00 1.629531979560852051e+00
5.000000000000000000e+00 1.680688142776489258e+00
6.000000000000000000e+00 1.726965785026550293e+00
7.000000000000000000e+00 1.569711446762084961e+00
8.000000000000000000e+00 1.581067919731140137e+00
9.000000000000000000e+00 1.643405199050903320e+00
1.000000000000000000e+01 1.668739676475524902e+00
1.100000000000000000e+01 1.634625554084777832e+00
1.200000000000000000e+01 1.571168661117553711e+00
1.300000000000000000e+01 1.668649554252624512e+00
1.400000000000000000e+01 1.628889322280883789e+00
1.500000000000000000e+01 1.576464891433715820e+00
1.600000000000000000e+01 1.571820139884948730e+00
1.700000000000000000e+01 1.677843689918518066e+00
1.800000000000000000e+01 1.610534667968750000e+00
1.900000000000000000e+01 1.536699056625366211e+00
2.000000000000000000e+01 1.693956017494201660e+00
2.100000000000000000e+01 1.648225545883178711e+00
2.200000000000000000e+01 1.751625180244445801e+00
2.300000000000000000e+01 1.648692131042480469e+00
2.400000000000000000e+01 1.564228296279907227e+00
2.500000000000000000e+01 1.594960212707519531e+00
2.600000000000000000e+01 1.574880957603454590e+00
2.700000000000000000e+01 1.660934567451477051e+00
2.800000000000000000e+01 1.538323879241943359e+00
2.900000000000000000e+01 1.656048536300659180e+00
3.000000000000000000e+01 1.590398788452148438e+00
3.100000000000000000e+01 1.598897099494934082e+00
3.200000000000000000e+01 1.609177112579345703e+00
3.300000000000000000e+01 1.557678222656250000e+00
3.400000000000000000e+01 1.574856400489807129e+00
3.500000000000000000e+01 1.597136735916137695e+00
3.600000000000000000e+01 1.638707637786865234e+00
3.700000000000000000e+01 1.565702080726623535e+00
3.800000000000000000e+01 1.632038831710815430e+00
3.900000000000000000e+01 1.619779825210571289e+00
4.000000000000000000e+01 1.634301304817199707e+00
4.100000000000000000e+01 1.572183251380920410e+00
4.200000000000000000e+01 1.702354073524475098e+00
4.300000000000000000e+01 1.636731028556823730e+00
4.400000000000000000e+01 1.691745877265930176e+00
4.500000000000000000e+01 1.700688600540161133e+00
4.600000000000000000e+01 1.691439270973205566e+00
4.700000000000000000e+01 1.688214659690856934e+00
4.800000000000000000e+01 1.692788720130920410e+00
4.900000000000000000e+01 1.600563168525695801e+00
5.000000000000000000e+01 1.582844972610473633e+00
5.100000000000000000e+01 1.618396878242492676e+00
5.200000000000000000e+01 1.608836174011230469e+00
5.300000000000000000e+01 1.682689070701599121e+00
5.400000000000000000e+01 1.651913762092590332e+00
5.500000000000000000e+01 1.682469725608825684e+00
5.600000000000000000e+01 1.532218933105468750e+00
5.700000000000000000e+01 1.657493591308593750e+00
5.800000000000000000e+01 1.583934187889099121e+00
5.900000000000000000e+01 1.599678635597229004e+00
6.000000000000000000e+01 1.547677755355834961e+00
6.100000000000000000e+01 1.612263798713684082e+00
6.200000000000000000e+01 1.711499214172363281e+00
6.300000000000000000e+01 1.637637019157409668e+00
6.400000000000000000e+01 1.703837752342224121e+00
6.500000000000000000e+01 1.604421377182006836e+00
6.600000000000000000e+01 1.578939676284790039e+00
6.700000000000000000e+01 1.578423619270324707e+00
6.800000000000000000e+01 1.725264310836791992e+00
6.900000000000000000e+01 1.667639970779418945e+00
7.000000000000000000e+01 1.602687478065490723e+00
7.100000000000000000e+01 1.733335494995117188e+00
7.200000000000000000e+01 1.623061418533325195e+00
7.300000000000000000e+01 1.588235020637512207e+00
7.400000000000000000e+01 1.683849453926086426e+00
7.500000000000000000e+01 1.588297486305236816e+00
7.600000000000000000e+01 1.648254275321960449e+00
7.700000000000000000e+01 1.600129365921020508e+00
7.800000000000000000e+01 1.584970593452453613e+00
7.900000000000000000e+01 1.619106531143188477e+00
8.000000000000000000e+01 1.619693160057067871e+00
8.100000000000000000e+01 1.653780937194824219e+00
8.200000000000000000e+01 1.567331433296203613e+00
8.300000000000000000e+01 1.629133582115173340e+00
8.400000000000000000e+01 1.675643682479858398e+00
8.500000000000000000e+01 1.574718356132507324e+00
8.600000000000000000e+01 1.656481862068176270e+00
8.700000000000000000e+01 1.591789007186889648e+00
8.800000000000000000e+01 1.602161169052124023e+00
8.900000000000000000e+01 1.592820048332214355e+00
9.000000000000000000e+01 1.630773186683654785e+00
9.100000000000000000e+01 1.555171370506286621e+00
9.200000000000000000e+01 1.648713588714599609e+00
9.300000000000000000e+01 1.631506562232971191e+00
9.400000000000000000e+01 1.550365567207336426e+00
9.500000000000000000e+01 1.547976374626159668e+00
9.600000000000000000e+01 1.591160535812377930e+00
9.700000000000000000e+01 1.694332838058471680e+00
9.800000000000000000e+01 1.665078639984130859e+00
9.900000000000000000e+01 1.484374403953552246e+00
