0.000000000000000000e+00 1.621523141860961914e+00
1.000000000000000000e+00 1.638754487037658691e+00
2.000000000000000000e+00 1.688199400901794434e+00
3.000000000000000000e+00 1.718899488449096680e+00
4.000000000000000000e+00 1.626937389373779297e+00
5.000000000000000000e+00 1.621793150901794434e+00
6.000000000000000000e+00 1.673333168029785156e+00
7.000000000000000000e+00 1.744801402091979980e+00
8.000000000000000000e+00 1.820890188217163086e+00
9.000000000000000000e+00 1.669881939888000488e+00
1.000000000000000000e+01 1.677315711975097656e+00
1.100000000000000000e+01 1.613157153129577637e+00
1.200000000000000000e+01 1.662707805633544922e+00
1.300000000000000000e+01 1.675482630729675293e+00
1.400000000000000000e+01 1.678505539894104004e+00
1.500000000000000000e+01 1.758172750473022461e+00
1.600000000000000000e+01 1.698403477668762207e+00
1.700000000000000000e+01 1.739561796188354492e+00
1.800000000000000000e+01 1.774118661880493164e+00
1.900000000000000000e+01 1.735808134078979492e+00
2.000000000000000000e+01 1.656108260154724121e+00
2.100000000000000000e+01 1.623876452445983887e+00
2.200000000000000000e+01 1.629282474517822266e+00
2.300000000000000000e+01 1.650128483772277832e+00
2.400000000000000000e+01 1.717965602874755859e+00
2.500000000000000000e+01 1.670022845268249512e+00
2.600000000000000000e+01 1.706419467926025391e+00
2.700000000000000000e+01 1.671721577644348145e+00
2.800000000000000000e+01 1.726413130760192871e+00
2.900000000000000000e+01 1.744929552078247070e+00
3.000000000000000000e+01 1.655074238777160645e+00
3.100000000000000000e+01 1.739359855651855469e+00
3.200000000000000000e+01 1.677380442619323730e+00
3.300000000000000000e+01 1.631763577461242676e+00
3.400000000000000000e+01 1.722584128379821777e+00
3.500000000000000000e+01 1.840226650238037109e+00
3.600000000000000000e+01 1.791363835334777832e+00
3.700000000000000000e+01 1.745393276214599609e+00
3.800000000000000000e+01 1.683268070220947266e+00
3.900000000000000000e+01 1.850886464118957520e+00
4.000000000000000000e+01 1.778619050979614258e+00
4.100000000000000000e+01 1.653246283531188965e+00
4.200000000000000000e+01 1.713156819343566895e+00
4.300000000000000000e+01 1.722125768661499023e+00
4.400000000000000000e+01 1.761482000350952148e+00
4.500000000000000000e+01 1.728111982345581055e+00
4.600000000000000000e+01 1.711697578430175781e+00
4.700000000000000000e+01 1.660829901695251465e+00
4.800000000000000000e+01 1.715171217918395996e+00
4.900000000000000000e+01 1.566680788993835449e+00
5.000000000000000000e+01 1.603451728820800781e+00
5.100000000000000000e+01 1.714203000068664551e+00
5.200000000000000000e+01 1.684451341629028320e+00
5.300000000000000000e+01 1.739980340003967285e+00
5.400000000000000000e+01 1.700452566146850586e+00
5.500000000000000000e+01 1.809895753860473633e+00
5.600000000000000000e+01 1.848858714103698730e+00
5.700000000000000000e+01 1.770196557044982910e+00
5.800000000000000000e+01 1.743300914764404297e+00
5.900000000000000000e+01 1.816043734550476074e+00
6.000000000000000000e+01 1.763669133186340332e+00
6.100000000000000000e+01 1.723790407180786133e+00
6.200000000000000000e+01 1.635464549064636230e+00
6.300000000000000000e+01 1.643807053565979004e+00
6.400000000000000000e+01 1.682653903961181641e+00
6.500000000000000000e+01 1.660109877586364746e+00
6.600000000000000000e+01 1.681057095527648926e+00
6.700000000000000000e+01 1.719401717185974121e+00
6.800000000000000000e+01 1.638774037361145020e+00
6.900000000000000000e+01 1.662349462509155273e+00
7.000000000000000000e+01 1.673602581024169922e+00
7.100000000000000000e+01 1.660810112953186035e+00
7.200000000000000000e+01 1.738085269927978516e+00
7.300000000000000000e+01 1.729293823242187500e+00
7.400000000000000000e+01 1.605555534362792969e+00
7.500000000000000000e+01 1.749023795127868652e+00
7.600000000000000000e+01 1.623847126960754395e+00
7.700000000000000000e+01 1.696621179580688477e+00
7.800000000000000000e+01 1.738258361816406250e+00
7.900000000000000000e+01 1.760805249214172363e+00
8.000000000000000000e+01 1.750749826431274414e+00
8.100000000000000000e+01 1.678936481475830078e+00
8.200000000000000000e+01 1.690825581550598145e+00
8.300000000000000000e+01 1.706258654594421387e+00
8.400000000000000000e+01 1.698836565017700195e+00
8.500000000000000000e+01 1.661966204643249512e+00
8.600000000000000000e+01 1.655233144760131836e+00
8.700000000000000000e+01 1.672453641891479492e+00
8.800000000000000000e+01 1.670959115028381348e+00
8.900000000000000000e+01 1.658159375190734863e+00
9.000000000000000000e+01 1.710782408714294434e+00
9.100000000000000000e+01 1.709475398063659668e+00
9.200000000000000000e+01 1.613309502601623535e+00
9.300000000000000000e+01 1.732616782188415527e+00
9.400000000000000000e+01 1.708963990211486816e+00
9.500000000000000000e+01 1.672857284545898438e+00
9.600000000000000000e+01 1.640492439270019531e+00
9.700000000000000000e+01 1.739378809928894043e+00
9.800000000000000000e+01 1.710636377334594727e+00
9.900000000000000000e+01 1.622842550277709961e+00
