0.000000000000000000e+00 1.761508464813232422e+00
1.000000000000000000e+00 1.841518521308898926e+00
2.000000000000000000e+00 1.819291591644287109e+00
3.000000000000000000e+00 1.762704968452453613e+00
4.000000000000000000e+00 1.665373921394348145e+00
5.000000000000000000e+00 1.708202838897705078e+00
6.000000000000000000e+00 1.826656818389892578e+00
7.000000000000000000e+00 1.826116204261779785e+00
8.000000000000000000e+00 1.799539089202880859e+00
9.000000000000000000e+00 1.764309048652648926e+00
1.000000000000000000e+01 1.799087882041931152e+00
1.100000000000000000e+01 1.798875927925109863e+00
1.200000000000000000e+01 1.751909017562866211e+00
1.300000000000000000e+01 1.805283308029174805e+00
1.400000000000000000e+01 1.808778643608093262e+00
1.500000000000000000e+01 1.820662140846252441e+00
1.600000000000000000e+01 1.862362265586853027e+00
1.700000000000000000e+01 1.859716892242431641e+00
1.800000000000000000e+01 1.777998685836791992e+00
1.900000000000000000e+01 1.823921680450439453e+00
2.000000000000000000e+01 1.777446508407592773e+00
2.100000000000000000e+01 1.760793089866638184e+00
2.200000000000000000e+01 1.814722418785095215e+00
2.300000000000000000e+01 1.853708982467651367e+00
2.400000000000000000e+01 1.779645204544067383e+00
2.500000000000000000e+01 1.828947305679321289e+00
2.600000000000000000e+01 1.783027529716491699e+00
2.700000000000000000e+01 1.801892876625061035e+00
2.800000000000000000e+01 1.755848288536071777e+00
2.900000000000000000e+01 1.813269138336181641e+00
3.000000000000000000e+01 1.845855593681335449e+00
3.100000000000000000e+01 1.869697809219360352e+00
3.200000000000000000e+01 1.798732280731201172e+00
3.300000000000000000e+01 1.826403498649597168e+00
3.400000000000000000e+01 1.766502380371093750e+00
3.500000000000000000e+01 1.836197018623352051e+00
3.600000000000000000e+01 1.899131417274475098e+00
3.700000000000000000e+01 1.765612125396728516e+00
3.800000000000000000e+01 1.761095523834228516e+00
3.900000000000000000e+01 1.814608097076416016e+00
4.000000000000000000e+01 1.856160640716552734e+00
4.100000000000000000e+01 1.751990556716918945e+00
4.200000000000000000e+01 1.757078528404235840e+00
4.300000000000000000e+01 1.863667488098144531e+00
4.400000000000000000e+01 1.761687874794006348e+00
4.500000000000000000e+01 1.758951306343078613e+00
4.600000000000000000e+01 1.731827735900878906e+00
4.700000000000000000e+01 1.753133296966552734e+00
4.800000000000000000e+01 1.800303816795349121e+00
4.900000000000000000e+01 1.798123121261596680e+00
5.000000000000000000e+01 1.776301383972167969e+00
5.100000000000000000e+01 1.858173489570617676e+00
5.200000000000000000e+01 1.845080375671386719e+00
5.300000000000000000e+01 1.771132349967956543e+00
5.400000000000000000e+01 1.799363136291503906e+00
5.500000000000000000e+01 1.684351801872253418e+00
5.600000000000000000e+01 1.736701726913452148e+00
5.700000000000000000e+01 1.797595620155334473e+00
5.800000000000000000e+01 1.757707595825195312e+00
5.900000000000000000e+01 1.791796565055847168e+00
6.000000000000000000e+01 1.746813893318176270e+00
6.100000000000000000e+01 1.753314018249511719e+00
6.200000000000000000e+01 1.749324679374694824e+00
6.300000000000000000e+01 1.786794543266296387e+00
6.400000000000000000e+01 1.756458044052124023e+00
6.500000000000000000e+01 1.844524025917053223e+00
6.600000000000000000e+01 1.762302160263061523e+00
6.700000000000000000e+01 1.764124155044555664e+00
6.800000000000000000e+01 1.788614511489868164e+00
6.900000000000000000e+01 1.819702267646789551e+00
7.000000000000000000e+01 1.772107362747192383e+00
7.100000000000000000e+01 1.807401180267333984e+00
7.200000000000000000e+01 1.815656065940856934e+00
7.300000000000000000e+01 1.782234072685241699e+00
7.400000000000000000e+01 1.752404928207397461e+00
7.500000000000000000e+01 1.797241330146789551e+00
7.600000000000000000e+01 1.838377356529235840e+00
7.700000000000000000e+01 1.792361378669738770e+00
7.800000000000000000e+01 1.771576404571533203e+00
7.900000000000000000e+01 1.782216787338256836e+00
8.000000000000000000e+01 1.830854535102844238e+00
8.100000000000000000e+01 1.849776983261108398e+00
8.200000000000000000e+01 1.801783323287963867e+00
8.300000000000000000e+01 1.776367545127868652e+00
8.400000000000000000e+01 1.839239478111267090e+00
8.500000000000000000e+01 1.804530262947082520e+00
8.600000000000000000e+01 1.777105331420898438e+00
8.700000000000000000e+01 1.818829059600830078e+00
8.800000000000000000e+01 1.910411119461059570e+00
8.900000000000000000e+01 1.934558272361755371e+00
9.000000000000000000e+01 1.787330389022827148e+00
9.100000000000000000e+01 1.808258652687072754e+00
9.200000000000000000e+01 1.774436354637145996e+00
9.300000000000000000e+01 1.845802545547485352e+00
9.400000000000000000e+01 1.802544713020324707e+00
9.500000000000000000e+01 1.756857395172119141e+00
9.600000000000000000e+01 1.738991975784301758e+00
9.700000000000000000e+01 1.793733596801757812e+00
9.800000000000000000e+01 1.820213556289672852e+00
9.900000000000000000e+01 1.795235872268676758e+00
