0.000000000000000000e+00 1.795537233352661133e+00
1.000000000000000000e+00 1.839866518974304199e+00
2.000000000000000000e+00 1.878604173660278320e+00
3.000000000000000000e+00 1.862494468688964844e+00
4.000000000000000000e+00 1.900423526763916016e+00
5.000000000000000000e+00 1.809833765029907227e+00
6.000000000000000000e+00 1.809711217880249023e+00
7.000000000000000000e+00 1.929771780967712402e+00
8.000000000000000000e+00 1.836871504783630371e+00
9.000000000000000000e+00 1.888247728347778320e+00
1.000000000000000000e+01 1.831106066703796387e+00
1.100000000000000000e+01 1.880778312683105469e+00
1.200000000000000000e+01 1.866596579551696777e+00
1.300000000000000000e+01 1.861287593841552734e+00
1.400000000000000000e+01 1.849582791328430176e+00
1.500000000000000000e+01 1.807546734809875488e+00
1.600000000000000000e+01 1.829375028610229492e+00
1.700000000000000000e+01 1.898191094398498535e+00
1.800000000000000000e+01 1.885325551033020020e+00
1.900000000000000000e+01 1.805048584938049316e+00
2.000000000000000000e+01 1.887642860412597656e+00
2.100000000000000000e+01 1.840190410614013672e+00
2.200000000000000000e+01 1.860415697097778320e+00
2.300000000000000000e+01 1.868882060050964355e+00
2.400000000000000000e+01 1.875365972518920898e+00
2.500000000000000000e+01 1.854730963706970215e+00
2.600000000000000000e+01 1.851326704025268555e+00
2.700000000000000000e+01 1.906663179397583008e+00
2.800000000000000000e+01 1.839079260826110840e+00
2.900000000000000000e+01 1.889506816864013672e+00
3.000000000000000000e+01 1.827756166458129883e+00
3.100000000000000000e+01 1.825958847999572754e+00
3.200000000000000000e+01 1.841433167457580566e+00
3.300000000000000000e+01 1.795350909233093262e+00
3.400000000000000000e+01 1.917655467987060547e+00
3.500000000000000000e+01 1.930569291114807129e+00
3.600000000000000000e+01 1.835471510887145996e+00
3.700000000000000000e+01 1.812323331832885742e+00
3.800000000000000000e+01 1.772169947624206543e+00
3.900000000000000000e+01 1.839009523391723633e+00
4.000000000000000000e+01 1.915996670722961426e+00
4.100000000000000000e+01 1.791238784790039062e+00
4.200000000000000000e+01 1.802538156509399414e+00
4.300000000000000000e+01 1.858073592185974121e+00
4.400000000000000000e+01 1.886422038078308105e+00
4.500000000000000000e+01 1.862064123153686523e+00
4.600000000000000000e+01 1.811404109001159668e+00
4.700000000000000000e+01 1.813819766044616699e+00
4.800000000000000000e+01 1.836956501007080078e+00
4.900000000000000000e+01 1.855846881866455078e+00
5.000000000000000000e+01 1.830111384391784668e+00
5.100000000000000000e+01 1.855780243873596191e+00
5.200000000000000000e+01 1.857820630073547363e+00
5.300000000000000000e+01 1.929560303688049316e+00
5.400000000000000000e+01 1.862238764762878418e+00
5.500000000000000000e+01 1.873706579208374023e+00
5.600000000000000000e+01 1.868259549140930176e+00
5.700000000000000000e+01 1.802218794822692871e+00
5.800000000000000000e+01 1.784137964248657227e+00
5.900000000000000000e+01 1.854902744293212891e+00
6.000000000000000000e+01 1.903676033020019531e+00
6.100000000000000000e+01 1.891657948493957520e+00
6.200000000000000000e+01 1.869626402854919434e+00
6.300000000000000000e+01 1.810051798820495605e+00
6.400000000000000000e+01 1.853508472442626953e+00
6.500000000000000000e+01 1.870317220687866211e+00
6.600000000000000000e+01 1.858790040016174316e+00
6.700000000000000000e+01 1.848337054252624512e+00
6.800000000000000000e+01 1.852827310562133789e+00
6.900000000000000000e+01 1.808723688125610352e+00
7.000000000000000000e+01 1.833163976669311523e+00
7.100000000000000000e+01 1.869571566581726074e+00
7.200000000000000000e+01 1.892902374267578125e+00
7.300000000000000000e+01 1.833007931709289551e+00
7.400000000000000000e+01 1.860248446464538574e+00
7.500000000000000000e+01 1.803712844848632812e+00
7.600000000000000000e+01 1.797503709793090820e+00
7.700000000000000000e+01 1.868237018585205078e+00
7.800000000000000000e+01 1.898868560791015625e+00
7.900000000000000000e+01 1.906253457069396973e+00
8.000000000000000000e+01 1.979034066200256348e+00
8.100000000000000000e+01 1.848647117614746094e+00
8.200000000000000000e+01 1.911255717277526855e+00
8.300000000000000000e+01 1.848013401031494141e+00
8.400000000000000000e+01 1.880778193473815918e+00
8.500000000000000000e+01 1.818666577339172363e+00
8.600000000000000000e+01 1.823818922042846680e+00
8.700000000000000000e+01 1.908311843872070312e+00
8.800000000000000000e+01 1.885524034500122070e+00
8.900000000000000000e+01 1.848958492279052734e+00
9.000000000000000000e+01 1.893140554428100586e+00
9.100000000000000000e+01 1.801735043525695801e+00
9.200000000000000000e+01 1.862532019615173340e+00
9.300000000000000000e+01 1.806321501731872559e+00
9.400000000000000000e+01 1.814462184906005859e+00
9.500000000000000000e+01 1.854953289031982422e+00
9.600000000000000000e+01 1.956191539764404297e+00
9.700000000000000000e+01 1.842113018035888672e+00
9.800000000000000000e+01 1.874805808067321777e+00
9.900000000000000000e+01 1.829487562179565430e+00
