0.000000000000000000e+00 1.892166256904602051e+00
1.000000000000000000e+00 1.924131989479064941e+00
2.000000000000000000e+00 1.900009989738464355e+00
3.000000000000000000e+00 1.889023423194885254e+00
4.000000000000000000e+00 1.874012827873229980e+00
5.000000000000000000e+00 1.956239819526672363e+00
6.000000000000000000e+00 2.000802278518676758e+00
7.000000000000000000e+00 1.937433362007141113e+00
8.000000000000000000e+00 1.893620491027832031e+00
9.000000000000000000e+00 1.988609552383422852e+00
1.000000000000000000e+01 1.916065812110900879e+00
1.100000000000000000e+01 1.894486546516418457e+00
1.200000000000000000e+01 2.008963108062744141e+00
1.300000000000000000e+01 1.944634199142456055e+00
1.400000000000000000e+01 1.949220657348632812e+00
1.500000000000000000e+01 1.946994185447692871e+00
1.600000000000000000e+01 1.937260866165161133e+00
1.700000000000000000e+01 1.897770643234252930e+00
1.800000000000000000e+01 1.940800786018371582e+00
1.900000000000000000e+01 1.923069238662719727e+00
2.000000000000000000e+01 1.916132688522338867e+00
2.100000000000000000e+01 1.834872007369995117e+00
2.200000000000000000e+01 1.890624165534973145e+00
2.300000000000000000e+01 1.921608567237854004e+00
2.400000000000000000e+01 1.888521790504455566e+00
2.500000000000000000e+01 1.949874877929687500e+00
2.600000000000000000e+01 1.953372478485107422e+00
2.700000000000000000e+01 1.953343152999877930e+00
2.800000000000000000e+01 1.914988160133361816e+00
2.900000000000000000e+01 1.910788893699645996e+00
3.000000000000000000e+01 1.932974219322204590e+00
3.100000000000000000e+01 1.905455470085144043e+00
3.200000000000000000e+01 1.893423676490783691e+00
3.300000000000000000e+01 1.910439014434814453e+00
3.400000000000000000e+01 2.002721071243286133e+00
3.500000000000000000e+01 1.965532660484313965e+00
3.600000000000000000e+01 1.852606534957885742e+00
3.700000000000000000e+01 1.914681553840637207e+00
3.800000000000000000e+01 1.945569753646850586e+00
3.900000000000000000e+01 1.988859415054321289e+00
4.000000000000000000e+01 1.888434886932373047e+00
4.100000000000000000e+01 1.934054017066955566e+00
4.200000000000000000e+01 1.877922534942626953e+00
4.300000000000000000e+01 1.920849442481994629e+00
4.400000000000000000e+01 1.901485085487365723e+00
4.500000000000000000e+01 2.003522157669067383e+00
4.600000000000000000e+01 1.877966880798339844e+00
4.700000000000000000e+01 1.989508271217346191e+00
4.800000000000000000e+01 1.935748696327209473e+00
4.900000000000000000e+01 1.879220843315124512e+00
5.000000000000000000e+01 1.960012078285217285e+00
5.100000000000000000e+01 1.870524168014526367e+00
5.200000000000000000e+01 1.818872213363647461e+00
5.300000000000000000e+01 1.953361511230468750e+00
5.400000000000000000e+01 1.923125863075256348e+00
5.500000000000000000e+01 1.874077558517456055e+00
5.600000000000000000e+01 1.932456254959106445e+00
5.700000000000000000e+01 1.881055593490600586e+00
5.800000000000000000e+01 1.841299176216125488e+00
5.900000000000000000e+01 1.984674572944641113e+00
6.000000000000000000e+01 1.946229577064514160e+00
6.100000000000000000e+01 1.969183683395385742e+00
6.200000000000000000e+01 1.959658145904541016e+00
6.300000000000000000e+01 1.877710223197937012e+00
6.400000000000000000e+01 1.919209480285644531e+00
6.500000000000000000e+01 1.935390114784240723e+00
6.600000000000000000e+01 1.887861609458923340e+00
6.700000000000000000e+01 1.936975717544555664e+00
6.800000000000000000e+01 1.874597549438476562e+00
6.900000000000000000e+01 1.861889004707336426e+00
7.000000000000000000e+01 1.928876161575317383e+00
7.100000000000000000e+01 1.928326249122619629e+00
7.200000000000000000e+01 1.843986868858337402e+00
7.300000000000000000e+01 1.922283887863159180e+00
7.400000000000000000e+01 1.910589098930358887e+00
7.500000000000000000e+01 1.860945463180541992e+00
7.600000000000000000e+01 1.927122950553894043e+00
7.700000000000000000e+01 2.000387668609619141e+00
7.800000000000000000e+01 1.887553095817565918e+00
7.900000000000000000e+01 1.967568039894104004e+00
8.000000000000000000e+01 1.897562503814697266e+00
8.100000000000000000e+01 1.879532217979431152e+00
8.200000000000000000e+01 1.897840499877929688e+00
8.300000000000000000e+01 1.911877155303955078e+00
8.400000000000000000e+01 1.903379678726196289e+00
8.500000000000000000e+01 1.926524281501770020e+00
8.600000000000000000e+01 1.927643060684204102e+00
8.700000000000000000e+01 1.953877091407775879e+00
8.800000000000000000e+01 1.968154788017272949e+00
8.900000000000000000e+01 2.003865242004394531e+00
9.000000000000000000e+01 1.883962035179138184e+00
9.100000000000000000e+01 1.983928918838500977e+00
9.200000000000000000e+01 1.886851906776428223e+00
9.300000000000000000e+01 1.878183722496032715e+00
9.400000000000000000e+01 1.991161227226257324e+00
9.500000000000000000e+01 1.868824958801269531e+00
9.600000000000000000e+01 1.915798902511596680e+00
9.700000000000000000e+01 1.886522173881530762e+00
9.800000000000000000e+01 1.964565277099609375e+00
9.900000000000000000e+01 1.831793189048767090e+00
