0.000000000000000000e+00 1.886342644691467285e+00
1.000000000000000000e+00 1.950542330741882324e+00
2.000000000000000000e+00 1.971867918968200684e+00
3.000000000000000000e+00 1.978111743927001953e+00
4.000000000000000000e+00 1.992034912109375000e+00
5.000000000000000000e+00 2.001832723617553711e+00
6.000000000000000000e+00 1.997815132141113281e+00
7.000000000000000000e+00 2.012452840805053711e+00
8.000000000000000000e+00 1.973901748657226562e+00
9.000000000000000000e+00 1.895747900009155273e+00
1.000000000000000000e+01 2.022201061248779297e+00
1.100000000000000000e+01 1.882811784744262695e+00
1.200000000000000000e+01 1.988709926605224609e+00
1.300000000000000000e+01 1.988112211227416992e+00
1.400000000000000000e+01 1.952484607696533203e+00
1.500000000000000000e+01 1.954933047294616699e+00
1.600000000000000000e+01 1.934691786766052246e+00
1.700000000000000000e+01 1.933638930320739746e+00
1.800000000000000000e+01 2.003266811370849609e+00
1.900000000000000000e+01 1.958667516708374023e+00
2.000000000000000000e+01 1.946080088615417480e+00
2.100000000000000000e+01 1.995060205459594727e+00
2.200000000000000000e+01 1.961298704147338867e+00
2.300000000000000000e+01 2.011784553527832031e+00
2.400000000000000000e+01 1.944416999816894531e+00
2.500000000000000000e+01 1.945638418197631836e+00
2.600000000000000000e+01 1.974996209144592285e+00
2.700000000000000000e+01 1.976141571998596191e+00
2.800000000000000000e+01 1.995510458946228027e+00
2.900000000000000000e+01 1.885831832885742188e+00
3.000000000000000000e+01 2.005443811416625977e+00
3.100000000000000000e+01 1.987639188766479492e+00
3.200000000000000000e+01 2.001032114028930664e+00
3.300000000000000000e+01 1.965455770492553711e+00
3.400000000000000000e+01 1.926548838615417480e+00
3.500000000000000000e+01 2.000269174575805664e+00
3.600000000000000000e+01 1.910918951034545898e+00
3.700000000000000000e+01 1.973969817161560059e+00
3.800000000000000000e+01 1.897542476654052734e+00
3.900000000000000000e+01 1.968078136444091797e+00
4.000000000000000000e+01 2.002568483352661133e+00
4.100000000000000000e+01 1.980024456977844238e+00
4.200000000000000000e+01 1.992839336395263672e+00
4.300000000000000000e+01 2.056090116500854492e+00
4.400000000000000000e+01 2.021054744720458984e+00
4.500000000000000000e+01 2.031588792800903320e+00
4.600000000000000000e+01 2.084016084671020508e+00
4.700000000000000000e+01 2.010279178619384766e+00
4.800000000000000000e+01 2.007022380828857422e+00
4.900000000000000000e+01 1.995651006698608398e+00
5.000000000000000000e+01 1.972925186157226562e+00
5.100000000000000000e+01 1.980349898338317871e+00
5.200000000000000000e+01 1.947634100914001465e+00
5.300000000000000000e+01 1.944338202476501465e+00
5.400000000000000000e+01 2.020758628845214844e+00
5.500000000000000000e+01 1.978452086448669434e+00
5.600000000000000000e+01 1.961225628852844238e+00
5.700000000000000000e+01 2.055975675582885742e+00
5.800000000000000000e+01 1.919480323791503906e+00
5.900000000000000000e+01 2.023436546325683594e+00
6.000000000000000000e+01 2.007333517074584961e+00
6.100000000000000000e+01 1.996697545051574707e+00
6.200000000000000000e+01 1.970761179924011230e+00
6.300000000000000000e+01 1.951702833175659180e+00
6.400000000000000000e+01 2.016204833984375000e+00
6.500000000000000000e+01 1.989840745925903320e+00
6.600000000000000000e+01 1.967677116394042969e+00
6.700000000000000000e+01 1.941204667091369629e+00
6.800000000000000000e+01 1.993844747543334961e+00
6.900000000000000000e+01 1.969422459602355957e+00
7.000000000000000000e+01 1.983838915824890137e+00
7.100000000000000000e+01 2.028228998184204102e+00
7.200000000000000000e+01 2.027393102645874023e+00
7.300000000000000000e+01 1.995295882225036621e+00
7.400000000000000000e+01 2.029720306396484375e+00
7.500000000000000000e+01 1.977896809577941895e+00
7.600000000000000000e+01 1.965084791183471680e+00
7.700000000000000000e+01 1.953437447547912598e+00
7.800000000000000000e+01 1.975473880767822266e+00
7.900000000000000000e+01 1.981638908386230469e+00
8.000000000000000000e+01 1.910708665847778320e+00
8.100000000000000000e+01 1.991554617881774902e+00
8.200000000000000000e+01 2.028308391571044922e+00
8.300000000000000000e+01 1.986915707588195801e+00
8.400000000000000000e+01 2.073819160461425781e+00
8.500000000000000000e+01 1.959000349044799805e+00
8.600000000000000000e+01 1.976374745368957520e+00
8.700000000000000000e+01 1.978548645973205566e+00
8.800000000000000000e+01 1.987916469573974609e+00
8.900000000000000000e+01 1.968374252319335938e+00
9.000000000000000000e+01 1.983963370323181152e+00
9.100000000000000000e+01 1.982554316520690918e+00
9.200000000000000000e+01 1.949512839317321777e+00
9.300000000000000000e+01 1.901490688323974609e+00
9.400000000000000000e+01 1.960872292518615723e+00
9.500000000000000000e+01 1.977934002876281738e+00
9.600000000000000000e+01 2.002469778060913086e+00
9.700000000000000000e+01 1.990824103355407715e+00
9.800000000000000000e+01 1.986087322235107422e+00
9.900000000000000000e+01 2.012905359268188477e+00
