0.000000000000000000e+00 1.398576855659484863e+00
1.000000000000000000e+00 1.422998428344726562e+00
2.000000000000000000e+00 1.376977205276489258e+00
3.000000000000000000e+00 1.427086472511291504e+00
4.000000000000000000e+00 1.458270072937011719e+00
5.000000000000000000e+00 1.378889322280883789e+00
6.000000000000000000e+00 1.434958934783935547e+00
7.000000000000000000e+00 1.386167645454406738e+00
8.000000000000000000e+00 1.393867731094360352e+00
9.000000000000000000e+00 1.345822215080261230e+00
1.000000000000000000e+01 1.412916898727416992e+00
1.100000000000000000e+01 1.406441807746887207e+00
1.200000000000000000e+01 1.449356317520141602e+00
1.300000000000000000e+01 1.400022983551025391e+00
1.400000000000000000e+01 1.468397617340087891e+00
1.500000000000000000e+01 1.400688767433166504e+00
1.600000000000000000e+01 1.379007816314697266e+00
1.700000000000000000e+01 1.454661965370178223e+00
1.800000000000000000e+01 1.417290329933166504e+00
1.900000000000000000e+01 1.381474375724792480e+00
2.000000000000000000e+01 1.432492494583129883e+00
2.100000000000000000e+01 1.428922653198242188e+00
2.200000000000000000e+01 1.369854331016540527e+00
2.300000000000000000e+01 1.394044280052185059e+00
2.400000000000000000e+01 1.391732931137084961e+00
2.500000000000000000e+01 1.425445318222045898e+00
2.600000000000000000e+01 1.405938148498535156e+00
2.700000000000000000e+01 1.380419135093688965e+00
2.800000000000000000e+01 1.361489295959472656e+00
2.900000000000000000e+01 1.397389173507690430e+00
3.000000000000000000e+01 1.480393886566162109e+00
3.100000000000000000e+01 1.413126468658447266e+00
3.200000000000000000e+01 1.452956438064575195e+00
3.300000000000000000e+01 1.428112506866455078e+00
3.400000000000000000e+01 1.359362959861755371e+00
3.500000000000000000e+01 1.403572082519531250e+00
3.600000000000000000e+01 1.450379848480224609e+00
3.700000000000000000e+01 1.433228611946105957e+00
3.800000000000000000e+01 1.425618767738342285e+00
3.900000000000000000e+01 1.427583336830139160e+00
4.000000000000000000e+01 1.378967165946960449e+00
4.100000000000000000e+01 1.448997139930725098e+00
4.200000000000000000e+01 1.411202192306518555e+00
4.300000000000000000e+01 1.417341232299804688e+00
4.400000000000000000e+01 1.410612940788269043e+00
4.500000000000000000e+01 1.402902960777282715e+00
4.600000000000000000e+01 1.441822648048400879e+00
4.700000000000000000e+01 1.462844491004943848e+00
4.800000000000000000e+01 1.376075744628906250e+00
4.900000000000000000e+01 1.478508353233337402e+00
5.000000000000000000e+01 1.441903233528137207e+00
5.100000000000000000e+01 1.425687313079833984e+00
5.200000000000000000e+01 1.398694992065429688e+00
5.300000000000000000e+01 1.431649923324584961e+00
5.400000000000000000e+01 1.409082651138305664e+00
5.500000000000000000e+01 1.469744086265563965e+00
5.600000000000000000e+01 1.383796334266662598e+00
5.700000000000000000e+01 1.443382859230041504e+00
5.800000000000000000e+01 1.423305749893188477e+00
5.900000000000000000e+01 1.432206153869628906e+00
6.000000000000000000e+01 1.391732811927795410e+00
6.100000000000000000e+01 1.430191874504089355e+00
6.200000000000000000e+01 1.414218783378601074e+00
6.300000000000000000e+01 1.403934717178344727e+00
6.400000000000000000e+01 1.454366207122802734e+00
6.500000000000000000e+01 1.390825152397155762e+00
6.600000000000000000e+01 1.419852972030639648e+00
6.700000000000000000e+01 1.439138650894165039e+00
6.800000000000000000e+01 1.392024397850036621e+00
6.900000000000000000e+01 1.404482960700988770e+00
7.000000000000000000e+01 1.427553176879882812e+00
7.100000000000000000e+01 1.381008505821228027e+00
7.200000000000000000e+01 1.460272192955017090e+00
7.300000000000000000e+01 1.455394864082336426e+00
7.400000000000000000e+01 1.395958781242370605e+00
7.500000000000000000e+01 1.405898571014404297e+00
7.600000000000000000e+01 1.381345391273498535e+00
7.700000000000000000e+01 1.412216424942016602e+00
7.800000000000000000e+01 1.392607927322387695e+00
7.900000000000000000e+01 1.472447276115417480e+00
8.000000000000000000e+01 1.397289633750915527e+00
8.100000000000000000e+01 1.409443140029907227e+00
8.200000000000000000e+01 1.390685677528381348e+00
8.300000000000000000e+01 1.430875897407531738e+00
8.400000000000000000e+01 1.435528397560119629e+00
8.500000000000000000e+01 1.419716119766235352e+00
8.600000000000000000e+01 1.491569519042968750e+00
8.700000000000000000e+01 1.376757383346557617e+00
8.800000000000000000e+01 1.400122523307800293e+00
8.900000000000000000e+01 1.431612610816955566e+00
9.000000000000000000e+01 1.429630517959594727e+00
9.100000000000000000e+01 1.452644586563110352e+00
9.200000000000000000e+01 1.392370223999023438e+00
9.300000000000000000e+01 1.431405782699584961e+00
9.400000000000000000e+01 1.446234464645385742e+00
9.500000000000000000e+01 1.380590438842773438e+00
9.600000000000000000e+01 1.399558782577514648e+00
9.700000000000000000e+01 1.432190895080566406e+00
9.800000000000000000e+01 1.403016805648803711e+00
9.900000000000000000e+01 1.444600820541381836e+00
