0.000000000000000000e+00 3.178943157196044922e+00
1.000000000000000000e+00 3.225809812545776367e+00
2.000000000000000000e+00 3.208490133285522461e+00
3.000000000000000000e+00 3.185429811477661133e+00
4.000000000000000000e+00 3.234709024429321289e+00
5.000000000000000000e+00 3.272472381591796875e+00
6.000000000000000000e+00 3.213327884674072266e+00
7.000000000000000000e+00 3.211660861968994141e+00
8.000000000000000000e+00 3.280774831771850586e+00
9.000000000000000000e+00 3.183886289596557617e+00
1.000000000000000000e+01 3.166466474533081055e+00
1.100000000000000000e+01 3.184946775436401367e+00
1.200000000000000000e+01 3.121775627136230469e+00
1.300000000000000000e+01 3.248772382736206055e+00
1.400000000000000000e+01 3.273287057876586914e+00
1.500000000000000000e+01 3.190431833267211914e+00
1.600000000000000000e+01 3.250209093093872070e+00
1.700000000000000000e+01 3.207257747650146484e+00
1.800000000000000000e+01 3.233449459075927734e+00
1.900000000000000000e+01 3.255093812942504883e+00
2.000000000000000000e+01 3.131989002227783203e+00
2.100000000000000000e+01 3.226255893707275391e+00
2.200000000000000000e+01 3.131505489349365234e+00
2.300000000000000000e+01 3.191745281219482422e+00
2.400000000000000000e+01 3.174756526947021484e+00
2.500000000000000000e+01 3.198729038238525391e+00
2.600000000000000000e+01 3.177740573883056641e+00
2.700000000000000000e+01 3.208577156066894531e+00
2.800000000000000000e+01 3.149995803833007812e+00
2.900000000000000000e+01 3.201058864593505859e+00
3.000000000000000000e+01 3.235360622406005859e+00
3.100000000000000000e+01 3.111995458602905273e+00
3.200000000000000000e+01 3.221231937408447266e+00
3.300000000000000000e+01 3.244131326675415039e+00
3.400000000000000000e+01 3.225183486938476562e+00
3.500000000000000000e+01 3.180043697357177734e+00
3.600000000000000000e+01 3.246019840240478516e+00
3.700000000000000000e+01 3.212043762207031250e+00
3.800000000000000000e+01 3.168024539947509766e+00
3.900000000000000000e+01 3.219014883041381836e+00
4.000000000000000000e+01 3.193256855010986328e+00
4.100000000000000000e+01 3.216540336608886719e+00
4.200000000000000000e+01 3.221209764480590820e+00
4.300000000000000000e+01 3.186259746551513672e+00
4.400000000000000000e+01 3.154691934585571289e+00
4.500000000000000000e+01 3.234034299850463867e+00
4.600000000000000000e+01 3.209490776062011719e+00
4.700000000000000000e+01 3.211575508117675781e+00
4.800000000000000000e+01 3.203713893890380859e+00
4.900000000000000000e+01 3.227823972702026367e+00
5.000000000000000000e+01 3.210133314132690430e+00
5.100000000000000000e+01 3.267887353897094727e+00
5.200000000000000000e+01 3.187541723251342773e+00
5.300000000000000000e+01 3.131913185119628906e+00
5.400000000000000000e+01 3.239967584609985352e+00
5.500000000000000000e+01 3.200437545776367188e+00
5.600000000000000000e+01 3.235496520996093750e+00
5.700000000000000000e+01 3.199825048446655273e+00
5.800000000000000000e+01 3.169523000717163086e+00
5.900000000000000000e+01 3.204471111297607422e+00
6.000000000000000000e+01 3.217572450637817383e+00
6.100000000000000000e+01 3.145056247711181641e+00
6.200000000000000000e+01 3.224329471588134766e+00
6.300000000000000000e+01 3.221954107284545898e+00
6.400000000000000000e+01 3.192603588104248047e+00
6.500000000000000000e+01 3.246602296829223633e+00
6.600000000000000000e+01 3.212742328643798828e+00
6.700000000000000000e+01 3.237712144851684570e+00
6.800000000000000000e+01 3.143657207489013672e+00
6.900000000000000000e+01 3.247635602951049805e+00
7.000000000000000000e+01 3.144331693649291992e+00
7.100000000000000000e+01 3.258747577667236328e+00
7.200000000000000000e+01 3.208333253860473633e+00
7.300000000000000000e+01 3.263627529144287109e+00
7.400000000000000000e+01 3.193692684173583984e+00
7.500000000000000000e+01 3.215638875961303711e+00
7.600000000000000000e+01 3.211661100387573242e+00
7.700000000000000000e+01 3.169873714447021484e+00
7.800000000000000000e+01 3.172237634658813477e+00
7.900000000000000000e+01 3.215261936187744141e+00
8.000000000000000000e+01 3.200050354003906250e+00
8.100000000000000000e+01 3.155004024505615234e+00
8.200000000000000000e+01 3.153004646301269531e+00
8.300000000000000000e+01 3.278284311294555664e+00
8.400000000000000000e+01 3.168721437454223633e+00
8.500000000000000000e+01 3.224954843521118164e+00
8.600000000000000000e+01 3.175803422927856445e+00
8.700000000000000000e+01 3.204329729080200195e+00
8.800000000000000000e+01 3.215646743774414062e+00
8.900000000000000000e+01 3.248949527740478516e+00
9.000000000000000000e+01 3.214564323425292969e+00
9.100000000000000000e+01 3.203341484069824219e+00
9.200000000000000000e+01 3.212474584579467773e+00
9.300000000000000000e+01 3.222118377685546875e+00
9.400000000000000000e+01 3.187678098678588867e+00
9.500000000000000000e+01 3.162131786346435547e+00
9.600000000000000000e+01 3.243923187255859375e+00
9.700000000000000000e+01 3.224061489105224609e+00
9.800000000000000000e+01 3.250878095626831055e+00
9.900000000000000000e+01 3.203105688095092773e+00
