0.000000000000000000e+00 1.441780567169189453e+00
1.000000000000000000e+00 1.469299674034118652e+00
2.000000000000000000e+00 1.398955345153808594e+00
3.000000000000000000e+00 1.459910750389099121e+00
4.000000000000000000e+00 1.485936284065246582e+00
5.000000000000000000e+00 1.470577716827392578e+00
6.000000000000000000e+00 1.483083605766296387e+00
7.000000000000000000e+00 1.467353940010070801e+00
8.000000000000000000e+00 1.504595041275024414e+00
9.000000000000000000e+00 1.509695768356323242e+00
1.000000000000000000e+01 1.503954291343688965e+00
1.100000000000000000e+01 1.549314379692077637e+00
1.200000000000000000e+01 1.524636983871459961e+00
1.300000000000000000e+01 1.446783542633056641e+00
1.400000000000000000e+01 1.506711006164550781e+00
1.500000000000000000e+01 1.586705088615417480e+00
1.600000000000000000e+01 1.411206960678100586e+00
1.700000000000000000e+01 1.463909149169921875e+00
1.800000000000000000e+01 1.550777196884155273e+00
1.900000000000000000e+01 1.437103748321533203e+00
2.000000000000000000e+01 1.454841017723083496e+00
2.100000000000000000e+01 1.491998314857482910e+00
2.200000000000000000e+01 1.527156710624694824e+00
2.300000000000000000e+01 1.529607176780700684e+00
2.400000000000000000e+01 1.491247892379760742e+00
2.500000000000000000e+01 1.520453453063964844e+00
2.600000000000000000e+01 1.500896453857421875e+00
2.700000000000000000e+01 1.496465206146240234e+00
2.800000000000000000e+01 1.490076661109924316e+00
2.900000000000000000e+01 1.547294259071350098e+00
3.000000000000000000e+01 1.401935696601867676e+00
3.100000000000000000e+01 1.409358382225036621e+00
3.200000000000000000e+01 1.460878014564514160e+00
3.300000000000000000e+01 1.508958697319030762e+00
3.400000000000000000e+01 1.526711106300354004e+00
3.500000000000000000e+01 1.469527959823608398e+00
3.600000000000000000e+01 1.499251008033752441e+00
3.700000000000000000e+01 1.476910233497619629e+00
3.800000000000000000e+01 1.425943493843078613e+00
3.900000000000000000e+01 1.535796880722045898e+00
4.000000000000000000e+01 1.488162875175476074e+00
4.100000000000000000e+01 1.502426266670227051e+00
4.200000000000000000e+01 1.476187229156494141e+00
4.300000000000000000e+01 1.463325619697570801e+00
4.400000000000000000e+01 1.519350767135620117e+00
4.500000000000000000e+01 1.477934241294860840e+00
4.600000000000000000e+01 1.426296830177307129e+00
4.700000000000000000e+01 1.475002527236938477e+00
4.800000000000000000e+01 1.508705973625183105e+00
4.900000000000000000e+01 1.453841567039489746e+00
5.000000000000000000e+01 1.486006140708923340e+00
5.100000000000000000e+01 1.453063845634460449e+00
5.200000000000000000e+01 1.432043552398681641e+00
5.300000000000000000e+01 1.536800980567932129e+00
5.400000000000000000e+01 1.445142865180969238e+00
5.500000000000000000e+01 1.434544324874877930e+00
5.600000000000000000e+01 1.461539983749389648e+00
5.700000000000000000e+01 1.506149291992187500e+00
5.800000000000000000e+01 1.528114795684814453e+00
5.900000000000000000e+01 1.421772956848144531e+00
6.000000000000000000e+01 1.504861474037170410e+00
6.100000000000000000e+01 1.486482739448547363e+00
6.200000000000000000e+01 1.489464759826660156e+00
6.300000000000000000e+01 1.483000636100769043e+00
6.400000000000000000e+01 1.429208159446716309e+00
6.500000000000000000e+01 1.561839580535888672e+00
6.600000000000000000e+01 1.505957722663879395e+00
6.700000000000000000e+01 1.457472562789916992e+00
6.800000000000000000e+01 1.455008625984191895e+00
6.900000000000000000e+01 1.432187914848327637e+00
7.000000000000000000e+01 1.495525121688842773e+00
7.100000000000000000e+01 1.523528575897216797e+00
7.200000000000000000e+01 1.519427299499511719e+00
7.300000000000000000e+01 1.522686123847961426e+00
7.400000000000000000e+01 1.528811573982238770e+00
7.500000000000000000e+01 1.443912863731384277e+00
7.600000000000000000e+01 1.433295488357543945e+00
7.700000000000000000e+01 1.456426262855529785e+00
7.800000000000000000e+01 1.449189066886901855e+00
7.900000000000000000e+01 1.507424712181091309e+00
8.000000000000000000e+01 1.486554145812988281e+00
8.100000000000000000e+01 1.513334035873413086e+00
8.200000000000000000e+01 1.466647028923034668e+00
8.300000000000000000e+01 1.506676912307739258e+00
8.400000000000000000e+01 1.474764943122863770e+00
8.500000000000000000e+01 1.450053572654724121e+00
8.600000000000000000e+01 1.477173805236816406e+00
8.700000000000000000e+01 1.454076170921325684e+00
8.800000000000000000e+01 1.514457106590270996e+00
8.900000000000000000e+01 1.470835089683532715e+00
9.000000000000000000e+01 1.491932988166809082e+00
9.100000000000000000e+01 1.429003238677978516e+00
9.200000000000000000e+01 1.408167004585266113e+00
9.300000000000000000e+01 1.422973752021789551e+00
9.400000000000000000e+01 1.467389702796936035e+00
9.500000000000000000e+01 1.505836606025695801e+00
9.600000000000000000e+01 1.459384918212890625e+00
9.700000000000000000e+01 1.438529133796691895e+00
9.800000000000000000e+01 1.511344909667968750e+00
9.900000000000000000e+01 1.441736459732055664e+00
