0.000000000000000000e+00 1.486551284790039062e+00
1.000000000000000000e+00 1.563892960548400879e+00
2.000000000000000000e+00 1.482488751411437988e+00
3.000000000000000000e+00 1.576404690742492676e+00
4.000000000000000000e+00 1.579199790954589844e+00
5.000000000000000000e+00 1.598733544349670410e+00
6.000000000000000000e+00 1.465647697448730469e+00
7.000000000000000000e+00 1.475937843322753906e+00
8.000000000000000000e+00 1.516270637512207031e+00
9.000000000000000000e+00 1.574465036392211914e+00
1.000000000000000000e+01 1.516756892204284668e+00
1.100000000000000000e+01 1.547541499137878418e+00
1.200000000000000000e+01 1.563495039939880371e+00
1.300000000000000000e+01 1.472397565841674805e+00
1.400000000000000000e+01 1.488886713981628418e+00
1.500000000000000000e+01 1.564886927604675293e+00
1.600000000000000000e+01 1.520581841468811035e+00
1.700000000000000000e+01 1.537410855293273926e+00
1.800000000000000000e+01 1.549750804901123047e+00
1.900000000000000000e+01 1.501998305320739746e+00
2.000000000000000000e+01 1.576278924942016602e+00
2.100000000000000000e+01 1.522907018661499023e+00
2.200000000000000000e+01 1.522096037864685059e+00
2.300000000000000000e+01 1.518699884414672852e+00
2.400000000000000000e+01 1.532956004142761230e+00
2.500000000000000000e+01 1.422535300254821777e+00
2.600000000000000000e+01 1.498363614082336426e+00
2.700000000000000000e+01 1.574689030647277832e+00
2.800000000000000000e+01 1.601119279861450195e+00
2.900000000000000000e+01 1.627862453460693359e+00
3.000000000000000000e+01 1.523551583290100098e+00
3.100000000000000000e+01 1.650120735168457031e+00
3.200000000000000000e+01 1.539708137512207031e+00
3.300000000000000000e+01 1.575584888458251953e+00
3.400000000000000000e+01 1.525543570518493652e+00
3.500000000000000000e+01 1.585470914840698242e+00
3.600000000000000000e+01 1.594508528709411621e+00
3.700000000000000000e+01 1.497627615928649902e+00
3.800000000000000000e+01 1.549922943115234375e+00
3.900000000000000000e+01 1.589068651199340820e+00
4.000000000000000000e+01 1.552601575851440430e+00
4.100000000000000000e+01 1.501065611839294434e+00
4.200000000000000000e+01 1.564498305320739746e+00
4.300000000000000000e+01 1.521467804908752441e+00
4.400000000000000000e+01 1.498133897781372070e+00
4.500000000000000000e+01 1.490165233612060547e+00
4.600000000000000000e+01 1.519335627555847168e+00
4.700000000000000000e+01 1.564437627792358398e+00
4.800000000000000000e+01 1.551832914352416992e+00
4.900000000000000000e+01 1.571937322616577148e+00
5.000000000000000000e+01 1.538537383079528809e+00
5.100000000000000000e+01 1.607296705245971680e+00
5.200000000000000000e+01 1.463215351104736328e+00
5.300000000000000000e+01 1.536440014839172363e+00
5.400000000000000000e+01 1.599020957946777344e+00
5.500000000000000000e+01 1.530481338500976562e+00
5.600000000000000000e+01 1.534977912902832031e+00
5.700000000000000000e+01 1.497336506843566895e+00
5.800000000000000000e+01 1.474505305290222168e+00
5.900000000000000000e+01 1.533835053443908691e+00
6.000000000000000000e+01 1.570726752281188965e+00
6.100000000000000000e+01 1.551035404205322266e+00
6.200000000000000000e+01 1.523205637931823730e+00
6.300000000000000000e+01 1.525892019271850586e+00
6.400000000000000000e+01 1.504667758941650391e+00
6.500000000000000000e+01 1.503894805908203125e+00
6.600000000000000000e+01 1.450777769088745117e+00
6.700000000000000000e+01 1.635271072387695312e+00
6.800000000000000000e+01 1.565491914749145508e+00
6.900000000000000000e+01 1.540426611900329590e+00
7.000000000000000000e+01 1.443035244941711426e+00
7.100000000000000000e+01 1.458115458488464355e+00
7.200000000000000000e+01 1.506333351135253906e+00
7.300000000000000000e+01 1.608970046043395996e+00
7.400000000000000000e+01 1.576939463615417480e+00
7.500000000000000000e+01 1.539559721946716309e+00
7.600000000000000000e+01 1.539994120597839355e+00
7.700000000000000000e+01 1.573638796806335449e+00
7.800000000000000000e+01 1.520073771476745605e+00
7.900000000000000000e+01 1.543318033218383789e+00
8.000000000000000000e+01 1.602017283439636230e+00
8.100000000000000000e+01 1.562292098999023438e+00
8.200000000000000000e+01 1.526225686073303223e+00
8.300000000000000000e+01 1.598576903343200684e+00
8.400000000000000000e+01 1.510167717933654785e+00
8.500000000000000000e+01 1.572717547416687012e+00
8.600000000000000000e+01 1.553315162658691406e+00
8.700000000000000000e+01 1.539102196693420410e+00
8.800000000000000000e+01 1.555618047714233398e+00
8.900000000000000000e+01 1.551011204719543457e+00
9.000000000000000000e+01 1.492784261703491211e+00
9.100000000000000000e+01 1.537285327911376953e+00
9.200000000000000000e+01 1.580992817878723145e+00
9.300000000000000000e+01 1.623502492904663086e+00
9.400000000000000000e+01 1.628534317016601562e+00
9.500000000000000000e+01 1.606049418449401855e+00
9.600000000000000000e+01 1.503075838088989258e+00
9.700000000000000000e+01 1.558026790618896484e+00
9.800000000000000000e+01 1.497448921203613281e+00
9.900000000000000000e+01 1.623364925384521484e+00
