0.000000000000000000e+00 1.619448542594909668e+00
1.000000000000000000e+00 1.683846354484558105e+00
2.000000000000000000e+00 1.624599456787109375e+00
3.000000000000000000e+00 1.601639389991760254e+00
4.000000000000000000e+00 1.617813467979431152e+00
5.000000000000000000e+00 1.695747613906860352e+00
6.000000000000000000e+00 1.549316048622131348e+00
7.000000000000000000e+00 1.632378458976745605e+00
8.000000000000000000e+00 1.661904335021972656e+00
9.000000000000000000e+00 1.720004081726074219e+00
1.000000000000000000e+01 1.730365037918090820e+00
1.100000000000000000e+01 1.646919846534729004e+00
1.200000000000000000e+01 1.634704828262329102e+00
1.300000000000000000e+01 1.626787900924682617e+00
1.400000000000000000e+01 1.578965187072753906e+00
1.500000000000000000e+01 1.591055989265441895e+00
1.600000000000000000e+01 1.574666142463684082e+00
1.700000000000000000e+01 1.569762587547302246e+00
1.800000000000000000e+01 1.674957036972045898e+00
1.900000000000000000e+01 1.612008571624755859e+00
2.000000000000000000e+01 1.609856724739074707e+00
2.100000000000000000e+01 1.631868720054626465e+00
2.200000000000000000e+01 1.661534786224365234e+00
2.300000000000000000e+01 1.645910382270812988e+00
2.400000000000000000e+01 1.581743836402893066e+00
2.500000000000000000e+01 1.658687114715576172e+00
2.600000000000000000e+01 1.562506437301635742e+00
2.700000000000000000e+01 1.593976616859436035e+00
2.800000000000000000e+01 1.633100390434265137e+00
2.900000000000000000e+01 1.632602691650390625e+00
3.000000000000000000e+01 1.703764796257019043e+00
3.100000000000000000e+01 1.690534353256225586e+00
3.200000000000000000e+01 1.702715992927551270e+00
3.300000000000000000e+01 1.606479048728942871e+00
3.400000000000000000e+01 1.611517906188964844e+00
3.500000000000000000e+01 1.539583206176757812e+00
3.600000000000000000e+01 1.585656523704528809e+00
3.700000000000000000e+01 1.632221698760986328e+00
3.800000000000000000e+01 1.607510924339294434e+00
3.900000000000000000e+01 1.551957964897155762e+00
4.000000000000000000e+01 1.666236042976379395e+00
4.100000000000000000e+01 1.635361790657043457e+00
4.200000000000000000e+01 1.592145442962646484e+00
4.300000000000000000e+01 1.614929437637329102e+00
4.400000000000000000e+01 1.607730269432067871e+00
4.500000000000000000e+01 1.519387722015380859e+00
4.600000000000000000e+01 1.529226541519165039e+00
4.700000000000000000e+01 1.694086432456970215e+00
4.800000000000000000e+01 1.700242400169372559e+00
4.900000000000000000e+01 1.557194232940673828e+00
5.000000000000000000e+01 1.538381934165954590e+00
5.100000000000000000e+01 1.699195504188537598e+00
5.200000000000000000e+01 1.662531971931457520e+00
5.300000000000000000e+01 1.656189203262329102e+00
5.400000000000000000e+01 1.622715234756469727e+00
5.500000000000000000e+01 1.611201524734497070e+00
5.600000000000000000e+01 1.581993103027343750e+00
5.700000000000000000e+01 1.558180093765258789e+00
5.800000000000000000e+01 1.701532840728759766e+00
5.900000000000000000e+01 1.630840063095092773e+00
6.000000000000000000e+01 1.605370283126831055e+00
6.100000000000000000e+01 1.601862549781799316e+00
6.200000000000000000e+01 1.625898838043212891e+00
6.300000000000000000e+01 1.627624630928039551e+00
6.400000000000000000e+01 1.568422436714172363e+00
6.500000000000000000e+01 1.607574462890625000e+00
6.600000000000000000e+01 1.630591869354248047e+00
6.700000000000000000e+01 1.647542953491210938e+00
6.800000000000000000e+01 1.659627795219421387e+00
6.900000000000000000e+01 1.603947520256042480e+00
7.000000000000000000e+01 1.639824032783508301e+00
7.100000000000000000e+01 1.596450090408325195e+00
7.200000000000000000e+01 1.654163122177124023e+00
7.300000000000000000e+01 1.568581342697143555e+00
7.400000000000000000e+01 1.555165529251098633e+00
7.500000000000000000e+01 1.643184065818786621e+00
7.600000000000000000e+01 1.591641187667846680e+00
7.700000000000000000e+01 1.713768243789672852e+00
7.800000000000000000e+01 1.548460245132446289e+00
7.900000000000000000e+01 1.614487886428833008e+00
8.000000000000000000e+01 1.643185257911682129e+00
8.100000000000000000e+01 1.544009208679199219e+00
8.200000000000000000e+01 1.622768521308898926e+00
8.300000000000000000e+01 1.632665872573852539e+00
8.400000000000000000e+01 1.641112923622131348e+00
8.500000000000000000e+01 1.600250840187072754e+00
8.600000000000000000e+01 1.576835513114929199e+00
8.700000000000000000e+01 1.688083052635192871e+00
8.800000000000000000e+01 1.656729340553283691e+00
8.900000000000000000e+01 1.624578118324279785e+00
9.000000000000000000e+01 1.535882711410522461e+00
9.100000000000000000e+01 1.613899707794189453e+00
9.200000000000000000e+01 1.602739095687866211e+00
9.300000000000000000e+01 1.598866224288940430e+00
9.400000000000000000e+01 1.592759013175964355e+00
9.500000000000000000e+01 1.536818027496337891e+00
9.600000000000000000e+01 1.614380836486816406e+00
9.700000000000000000e+01 1.675776481628417969e+00
9.800000000000000000e+01 1.708036899566650391e+00
9.900000000000000000e+01 1.552055597305297852e+00
