0.000000000000000000e+00 1.404265522956848145e+00
1.000000000000000000e+00 1.416498661041259766e+00
2.000000000000000000e+00 1.430163145065307617e+00
3.000000000000000000e+00 1.405168533325195312e+00
4.000000000000000000e+00 1.420805692672729492e+00
5.000000000000000000e+00 1.391429185867309570e+00
6.000000000000000000e+00 1.418001174926757812e+00
7.000000000000000000e+00 1.388690710067749023e+00
8.000000000000000000e+00 1.417024135589599609e+00
9.000000000000000000e+00 1.419801831245422363e+00
1.000000000000000000e+01 1.397428631782531738e+00
1.100000000000000000e+01 1.398969173431396484e+00
1.200000000000000000e+01 1.385883808135986328e+00
1.300000000000000000e+01 1.418787956237792969e+00
1.400000000000000000e+01 1.416141271591186523e+00
1.500000000000000000e+01 1.409636974334716797e+00
1.600000000000000000e+01 1.428241491317749023e+00
1.700000000000000000e+01 1.476635336875915527e+00
1.800000000000000000e+01 1.439146876335144043e+00
1.900000000000000000e+01 1.439580798149108887e+00
2.000000000000000000e+01 1.425327301025390625e+00
2.100000000000000000e+01 1.426520705223083496e+00
2.200000000000000000e+01 1.409723758697509766e+00
2.300000000000000000e+01 1.390605449676513672e+00
2.400000000000000000e+01 1.427983164787292480e+00
2.500000000000000000e+01 1.441075921058654785e+00
2.600000000000000000e+01 1.407205581665039062e+00
2.700000000000000000e+01 1.314842581748962402e+00
2.800000000000000000e+01 1.403892874717712402e+00
2.900000000000000000e+01 1.428060173988342285e+00
3.000000000000000000e+01 1.407256841659545898e+00
3.100000000000000000e+01 1.393666863441467285e+00
3.200000000000000000e+01 1.448388338088989258e+00
3.300000000000000000e+01 1.401726841926574707e+00
3.400000000000000000e+01 1.423798561096191406e+00
3.500000000000000000e+01 1.448504447937011719e+00
3.600000000000000000e+01 1.384494304656982422e+00
3.700000000000000000e+01 1.393509387969970703e+00
3.800000000000000000e+01 1.405584335327148438e+00
3.900000000000000000e+01 1.384973287582397461e+00
4.000000000000000000e+01 1.394912123680114746e+00
4.100000000000000000e+01 1.426346540451049805e+00
4.200000000000000000e+01 1.366766929626464844e+00
4.300000000000000000e+01 1.423209309577941895e+00
4.400000000000000000e+01 1.411893725395202637e+00
4.500000000000000000e+01 1.437335252761840820e+00
4.600000000000000000e+01 1.442272782325744629e+00
4.700000000000000000e+01 1.397707581520080566e+00
4.800000000000000000e+01 1.409656882286071777e+00
4.900000000000000000e+01 1.408903360366821289e+00
5.000000000000000000e+01 1.408758640289306641e+00
5.100000000000000000e+01 1.415053844451904297e+00
5.200000000000000000e+01 1.431614637374877930e+00
5.300000000000000000e+01 1.440530180931091309e+00
5.400000000000000000e+01 1.431648969650268555e+00
5.500000000000000000e+01 1.374402165412902832e+00
5.600000000000000000e+01 1.423331022262573242e+00
5.700000000000000000e+01 1.399596095085144043e+00
5.800000000000000000e+01 1.458035945892333984e+00
5.900000000000000000e+01 1.411024570465087891e+00
6.000000000000000000e+01 1.426873445510864258e+00
6.100000000000000000e+01 1.445025086402893066e+00
6.200000000000000000e+01 1.398229479789733887e+00
6.300000000000000000e+01 1.418064713478088379e+00
6.400000000000000000e+01 1.432725071907043457e+00
6.500000000000000000e+01 1.381959557533264160e+00
6.600000000000000000e+01 1.381460905075073242e+00
6.700000000000000000e+01 1.427992701530456543e+00
6.800000000000000000e+01 1.424218773841857910e+00
6.900000000000000000e+01 1.389212250709533691e+00
7.000000000000000000e+01 1.399773955345153809e+00
7.100000000000000000e+01 1.419274210929870605e+00
7.200000000000000000e+01 1.375970840454101562e+00
7.300000000000000000e+01 1.416538357734680176e+00
7.400000000000000000e+01 1.427073478698730469e+00
7.500000000000000000e+01 1.426444172859191895e+00
7.600000000000000000e+01 1.385114431381225586e+00
7.700000000000000000e+01 1.431544184684753418e+00
7.800000000000000000e+01 1.410329937934875488e+00
7.900000000000000000e+01 1.444334983825683594e+00
8.000000000000000000e+01 1.398119688034057617e+00
8.100000000000000000e+01 1.428835868835449219e+00
8.200000000000000000e+01 1.412223458290100098e+00
8.300000000000000000e+01 1.377827167510986328e+00
8.400000000000000000e+01 1.415796995162963867e+00
8.500000000000000000e+01 1.428950667381286621e+00
8.600000000000000000e+01 1.397426605224609375e+00
8.700000000000000000e+01 1.398908972740173340e+00
8.800000000000000000e+01 1.430920720100402832e+00
8.900000000000000000e+01 1.409035444259643555e+00
9.000000000000000000e+01 1.402212023735046387e+00
9.100000000000000000e+01 1.458368778228759766e+00
9.200000000000000000e+01 1.416570425033569336e+00
9.300000000000000000e+01 1.400779485702514648e+00
9.400000000000000000e+01 1.282657384872436523e+00
9.500000000000000000e+01 1.447594761848449707e+00
9.600000000000000000e+01 1.430653691291809082e+00
9.700000000000000000e+01 1.384900331497192383e+00
9.800000000000000000e+01 1.422702789306640625e+00
9.900000000000000000e+01 1.449339985847473145e+00
