0.000000000000000000e+00 3.260561943054199219e+00
1.000000000000000000e+00 3.082787513732910156e+00
2.000000000000000000e+00 3.197251558303833008e+00
3.000000000000000000e+00 3.205465316772460938e+00
4.000000000000000000e+00 3.133103847503662109e+00
5.000000000000000000e+00 3.223620176315307617e+00
6.000000000000000000e+00 3.189941644668579102e+00
7.000000000000000000e+00 3.214762210845947266e+00
8.000000000000000000e+00 3.258519411087036133e+00
9.000000000000000000e+00 3.231978416442871094e+00
1.000000000000000000e+01 3.181012630462646484e+00
1.100000000000000000e+01 3.259893894195556641e+00
1.200000000000000000e+01 3.210073947906494141e+00
1.300000000000000000e+01 3.219629287719726562e+00
1.400000000000000000e+01 3.190966844558715820e+00
1.500000000000000000e+01 3.204228401184082031e+00
1.600000000000000000e+01 3.232500791549682617e+00
1.700000000000000000e+01 3.216796398162841797e+00
1.800000000000000000e+01 3.258166313171386719e+00
1.900000000000000000e+01 3.176975011825561523e+00
2.000000000000000000e+01 3.177527904510498047e+00
2.100000000000000000e+01 3.230219125747680664e+00
2.200000000000000000e+01 3.275458097457885742e+00
2.300000000000000000e+01 3.233944654464721680e+00
2.400000000000000000e+01 3.212759256362915039e+00
2.500000000000000000e+01 3.184081792831420898e+00
2.600000000000000000e+01 3.156832456588745117e+00
2.700000000000000000e+01 3.220616102218627930e+00
2.800000000000000000e+01 3.235599040985107422e+00
2.900000000000000000e+01 3.208684206008911133e+00
3.000000000000000000e+01 3.222789764404296875e+00
3.100000000000000000e+01 3.269529581069946289e+00
3.200000000000000000e+01 3.181570768356323242e+00
3.300000000000000000e+01 3.233269453048706055e+00
3.400000000000000000e+01 3.180309057235717773e+00
3.500000000000000000e+01 3.217794656753540039e+00
3.600000000000000000e+01 3.171873569488525391e+00
3.700000000000000000e+01 3.169353723526000977e+00
3.800000000000000000e+01 3.210533142089843750e+00
3.900000000000000000e+01 3.231782436370849609e+00
4.000000000000000000e+01 3.260769367218017578e+00
4.100000000000000000e+01 3.203859329223632812e+00
4.200000000000000000e+01 3.194066286087036133e+00
4.300000000000000000e+01 3.237070560455322266e+00
4.400000000000000000e+01 3.238089561462402344e+00
4.500000000000000000e+01 3.195792198181152344e+00
4.600000000000000000e+01 3.204169034957885742e+00
4.700000000000000000e+01 3.232019901275634766e+00
4.800000000000000000e+01 3.217020273208618164e+00
4.900000000000000000e+01 3.220480442047119141e+00
5.000000000000000000e+01 3.210162639617919922e+00
5.100000000000000000e+01 3.213793039321899414e+00
5.200000000000000000e+01 3.264266252517700195e+00
5.300000000000000000e+01 3.215086460113525391e+00
5.400000000000000000e+01 3.225017309188842773e+00
5.500000000000000000e+01 3.211815834045410156e+00
5.600000000000000000e+01 3.210392236709594727e+00
5.700000000000000000e+01 3.196583271026611328e+00
5.800000000000000000e+01 3.226796150207519531e+00
5.900000000000000000e+01 3.221312046051025391e+00
6.000000000000000000e+01 3.247957944869995117e+00
6.100000000000000000e+01 3.186420679092407227e+00
6.200000000000000000e+01 3.204894781112670898e+00
6.300000000000000000e+01 3.185166358947753906e+00
6.400000000000000000e+01 3.274296045303344727e+00
6.500000000000000000e+01 3.160853385925292969e+00
6.600000000000000000e+01 3.186059951782226562e+00
6.700000000000000000e+01 3.219871759414672852e+00
6.800000000000000000e+01 3.210421800613403320e+00
6.900000000000000000e+01 3.175077915191650391e+00
7.000000000000000000e+01 3.287869215011596680e+00
7.100000000000000000e+01 3.164651632308959961e+00
7.200000000000000000e+01 3.209281921386718750e+00
7.300000000000000000e+01 3.242833614349365234e+00
7.400000000000000000e+01 3.233371973037719727e+00
7.500000000000000000e+01 3.169412851333618164e+00
7.600000000000000000e+01 3.218075037002563477e+00
7.700000000000000000e+01 3.289263486862182617e+00
7.800000000000000000e+01 3.210403919219970703e+00
7.900000000000000000e+01 3.226491212844848633e+00
8.000000000000000000e+01 3.198489904403686523e+00
8.100000000000000000e+01 3.183165311813354492e+00
8.200000000000000000e+01 3.210407018661499023e+00
8.300000000000000000e+01 3.249097347259521484e+00
8.400000000000000000e+01 3.148060083389282227e+00
8.500000000000000000e+01 3.211532831192016602e+00
8.600000000000000000e+01 3.152658224105834961e+00
8.700000000000000000e+01 3.163240671157836914e+00
8.800000000000000000e+01 3.260961771011352539e+00
8.900000000000000000e+01 3.255615234375000000e+00
9.000000000000000000e+01 3.149557352066040039e+00
9.100000000000000000e+01 3.234957218170166016e+00
9.200000000000000000e+01 3.215083360671997070e+00
9.300000000000000000e+01 3.222284555435180664e+00
9.400000000000000000e+01 3.198866605758666992e+00
9.500000000000000000e+01 3.168179512023925781e+00
9.600000000000000000e+01 3.232093334197998047e+00
9.700000000000000000e+01 3.207145214080810547e+00
9.800000000000000000e+01 3.190257787704467773e+00
9.900000000000000000e+01 3.203983306884765625e+00
