0.000000000000000000e+00 1.394811630249023438e+00
1.000000000000000000e+00 1.412852168083190918e+00
2.000000000000000000e+00 1.438764095306396484e+00
3.000000000000000000e+00 1.474753499031066895e+00
4.000000000000000000e+00 1.467875242233276367e+00
5.000000000000000000e+00 1.424710512161254883e+00
6.000000000000000000e+00 1.432821512222290039e+00
7.000000000000000000e+00 1.460996627807617188e+00
8.000000000000000000e+00 1.389277935028076172e+00
9.000000000000000000e+00 1.404667735099792480e+00
1.000000000000000000e+01 1.426443815231323242e+00
1.100000000000000000e+01 1.479847550392150879e+00
1.200000000000000000e+01 1.442857742309570312e+00
1.300000000000000000e+01 1.410687804222106934e+00
1.400000000000000000e+01 1.373737454414367676e+00
1.500000000000000000e+01 1.411545157432556152e+00
1.600000000000000000e+01 1.404231905937194824e+00
1.700000000000000000e+01 1.366210818290710449e+00
1.800000000000000000e+01 1.396027565002441406e+00
1.900000000000000000e+01 1.391023635864257812e+00
2.000000000000000000e+01 1.325186729431152344e+00
2.100000000000000000e+01 1.445425868034362793e+00
2.200000000000000000e+01 1.420566558837890625e+00
2.300000000000000000e+01 1.370488047599792480e+00
2.400000000000000000e+01 1.402909398078918457e+00
2.500000000000000000e+01 1.417182683944702148e+00
2.600000000000000000e+01 1.416068553924560547e+00
2.700000000000000000e+01 1.392493486404418945e+00
2.800000000000000000e+01 1.403066754341125488e+00
2.900000000000000000e+01 1.453526616096496582e+00
3.000000000000000000e+01 1.444738864898681641e+00
3.100000000000000000e+01 1.416868448257446289e+00
3.200000000000000000e+01 1.375287890434265137e+00
3.300000000000000000e+01 1.405249595642089844e+00
3.400000000000000000e+01 1.396703243255615234e+00
3.500000000000000000e+01 1.407854557037353516e+00
3.600000000000000000e+01 1.417753458023071289e+00
3.700000000000000000e+01 1.406182765960693359e+00
3.800000000000000000e+01 1.420416235923767090e+00
3.900000000000000000e+01 1.399040222167968750e+00
4.000000000000000000e+01 1.426033020019531250e+00
4.100000000000000000e+01 1.411768794059753418e+00
4.200000000000000000e+01 1.436820387840270996e+00
4.300000000000000000e+01 1.422268271446228027e+00
4.400000000000000000e+01 1.406260728836059570e+00
4.500000000000000000e+01 1.433724403381347656e+00
4.600000000000000000e+01 1.435597658157348633e+00
4.700000000000000000e+01 1.458137512207031250e+00
4.800000000000000000e+01 1.389413356781005859e+00
4.900000000000000000e+01 1.393119812011718750e+00
5.000000000000000000e+01 1.418620944023132324e+00
5.100000000000000000e+01 1.402648210525512695e+00
5.200000000000000000e+01 1.367608308792114258e+00
5.300000000000000000e+01 1.395810604095458984e+00
5.400000000000000000e+01 1.449016332626342773e+00
5.500000000000000000e+01 1.429356813430786133e+00
5.600000000000000000e+01 1.459506630897521973e+00
5.700000000000000000e+01 1.386927485466003418e+00
5.800000000000000000e+01 1.428946971893310547e+00
5.900000000000000000e+01 1.427076697349548340e+00
6.000000000000000000e+01 1.410592913627624512e+00
6.100000000000000000e+01 1.423107624053955078e+00
6.200000000000000000e+01 1.382470726966857910e+00
6.300000000000000000e+01 1.403443217277526855e+00
6.400000000000000000e+01 1.446039557456970215e+00
6.500000000000000000e+01 1.464140176773071289e+00
6.600000000000000000e+01 1.406254410743713379e+00
6.700000000000000000e+01 1.408616304397583008e+00
6.800000000000000000e+01 1.359950423240661621e+00
6.900000000000000000e+01 1.398734569549560547e+00
7.000000000000000000e+01 1.448931336402893066e+00
7.100000000000000000e+01 1.392919063568115234e+00
7.200000000000000000e+01 1.419889926910400391e+00
7.300000000000000000e+01 1.415949940681457520e+00
7.400000000000000000e+01 1.413766384124755859e+00
7.500000000000000000e+01 1.418731331825256348e+00
7.600000000000000000e+01 1.454742789268493652e+00
7.700000000000000000e+01 1.388526916503906250e+00
7.800000000000000000e+01 1.389029622077941895e+00
7.900000000000000000e+01 1.371424674987792969e+00
8.000000000000000000e+01 1.432370662689208984e+00
8.100000000000000000e+01 1.436091899871826172e+00
8.200000000000000000e+01 1.389781832695007324e+00
8.300000000000000000e+01 1.440174341201782227e+00
8.400000000000000000e+01 1.435880780220031738e+00
8.500000000000000000e+01 1.419638872146606445e+00
8.600000000000000000e+01 1.436883091926574707e+00
8.700000000000000000e+01 1.408664584159851074e+00
8.800000000000000000e+01 1.327966213226318359e+00
8.900000000000000000e+01 1.380176901817321777e+00
9.000000000000000000e+01 1.394342064857482910e+00
9.100000000000000000e+01 1.415772795677185059e+00
9.200000000000000000e+01 1.440044641494750977e+00
9.300000000000000000e+01 1.391029953956604004e+00
9.400000000000000000e+01 1.417561411857604980e+00
9.500000000000000000e+01 1.460745692253112793e+00
9.600000000000000000e+01 1.390972495079040527e+00
9.700000000000000000e+01 1.443004250526428223e+00
9.800000000000000000e+01 1.422336816787719727e+00
9.900000000000000000e+01 1.469137072563171387e+00
