0.000000000000000000e+00 3.229216814041137695e+00
1.000000000000000000e+00 3.116669893264770508e+00
2.000000000000000000e+00 3.163436651229858398e+00
3.000000000000000000e+00 3.208775520324707031e+00
4.000000000000000000e+00 3.209585189819335938e+00
5.000000000000000000e+00 3.192685365676879883e+00
6.000000000000000000e+00 3.189505338668823242e+00
7.000000000000000000e+00 3.206670045852661133e+00
8.000000000000000000e+00 3.257001876831054688e+00
9.000000000000000000e+00 3.226278781890869141e+00
1.000000000000000000e+01 3.148302078247070312e+00
1.100000000000000000e+01 3.190834999084472656e+00
1.200000000000000000e+01 3.194580554962158203e+00
1.300000000000000000e+01 3.245850086212158203e+00
1.400000000000000000e+01 3.202190637588500977e+00
1.500000000000000000e+01 3.230182647705078125e+00
1.600000000000000000e+01 3.272805929183959961e+00
1.700000000000000000e+01 3.245033502578735352e+00
1.800000000000000000e+01 3.252153158187866211e+00
1.900000000000000000e+01 3.177702903747558594e+00
2.000000000000000000e+01 3.216432571411132812e+00
2.100000000000000000e+01 3.223323583602905273e+00
2.200000000000000000e+01 3.110400676727294922e+00
2.300000000000000000e+01 3.217166662216186523e+00
2.400000000000000000e+01 3.187759399414062500e+00
2.500000000000000000e+01 3.211839199066162109e+00
2.600000000000000000e+01 3.223683595657348633e+00
2.700000000000000000e+01 3.201831102371215820e+00
2.800000000000000000e+01 3.194792509078979492e+00
2.900000000000000000e+01 3.187129974365234375e+00
3.000000000000000000e+01 3.229509115219116211e+00
3.100000000000000000e+01 3.218361377716064453e+00
3.200000000000000000e+01 3.251249313354492188e+00
3.300000000000000000e+01 3.205508470535278320e+00
3.400000000000000000e+01 3.244565963745117188e+00
3.500000000000000000e+01 3.174922704696655273e+00
3.600000000000000000e+01 3.147452116012573242e+00
3.700000000000000000e+01 3.176888942718505859e+00
3.800000000000000000e+01 3.259721517562866211e+00
3.900000000000000000e+01 3.268555164337158203e+00
4.000000000000000000e+01 3.214614391326904297e+00
4.100000000000000000e+01 3.193766117095947266e+00
4.200000000000000000e+01 3.240858316421508789e+00
4.300000000000000000e+01 3.232376337051391602e+00
4.400000000000000000e+01 3.229126691818237305e+00
4.500000000000000000e+01 3.166146516799926758e+00
4.600000000000000000e+01 3.251506090164184570e+00
4.700000000000000000e+01 3.248190641403198242e+00
4.800000000000000000e+01 3.239454269409179688e+00
4.900000000000000000e+01 3.268124103546142578e+00
5.000000000000000000e+01 3.249271154403686523e+00
5.100000000000000000e+01 3.186337709426879883e+00
5.200000000000000000e+01 3.247546672821044922e+00
5.300000000000000000e+01 3.207556009292602539e+00
5.400000000000000000e+01 3.134732723236083984e+00
5.500000000000000000e+01 3.244427919387817383e+00
5.600000000000000000e+01 3.177116632461547852e+00
5.700000000000000000e+01 3.171268939971923828e+00
5.800000000000000000e+01 3.264692306518554688e+00
5.900000000000000000e+01 3.198677539825439453e+00
6.000000000000000000e+01 3.215967655181884766e+00
6.100000000000000000e+01 3.189744472503662109e+00
6.200000000000000000e+01 3.199278116226196289e+00
6.300000000000000000e+01 3.217714548110961914e+00
6.400000000000000000e+01 3.229483127593994141e+00
6.500000000000000000e+01 3.228714942932128906e+00
6.600000000000000000e+01 3.275131702423095703e+00
6.700000000000000000e+01 3.239825725555419922e+00
6.800000000000000000e+01 3.164549350738525391e+00
6.900000000000000000e+01 3.236855745315551758e+00
7.000000000000000000e+01 3.198190689086914062e+00
7.100000000000000000e+01 3.188066720962524414e+00
7.200000000000000000e+01 3.214446306228637695e+00
7.300000000000000000e+01 3.126850605010986328e+00
7.400000000000000000e+01 3.240804433822631836e+00
7.500000000000000000e+01 3.235649108886718750e+00
7.600000000000000000e+01 3.177588939666748047e+00
7.700000000000000000e+01 3.155867099761962891e+00
7.800000000000000000e+01 3.179723024368286133e+00
7.900000000000000000e+01 3.152107715606689453e+00
8.000000000000000000e+01 3.192378997802734375e+00
8.100000000000000000e+01 3.173243999481201172e+00
8.200000000000000000e+01 3.234282732009887695e+00
8.300000000000000000e+01 3.179821968078613281e+00
8.400000000000000000e+01 3.206369161605834961e+00
8.500000000000000000e+01 3.158268690109252930e+00
8.600000000000000000e+01 3.188761234283447266e+00
8.700000000000000000e+01 3.190628051757812500e+00
8.800000000000000000e+01 3.196764707565307617e+00
8.900000000000000000e+01 3.200433254241943359e+00
9.000000000000000000e+01 3.109417200088500977e+00
9.100000000000000000e+01 3.136046886444091797e+00
9.200000000000000000e+01 3.214622259140014648e+00
9.300000000000000000e+01 3.213107824325561523e+00
9.400000000000000000e+01 3.155813932418823242e+00
9.500000000000000000e+01 3.222597360610961914e+00
9.600000000000000000e+01 3.221748590469360352e+00
9.700000000000000000e+01 3.217180252075195312e+00
9.800000000000000000e+01 3.239591360092163086e+00
9.900000000000000000e+01 3.219898462295532227e+00
