0.000000000000000000e+00 1.430708169937133789e+00
1.000000000000000000e+00 1.429119825363159180e+00
2.000000000000000000e+00 1.398261427879333496e+00
3.000000000000000000e+00 1.415683984756469727e+00
4.000000000000000000e+00 1.394243240356445312e+00
5.000000000000000000e+00 1.412622690200805664e+00
6.000000000000000000e+00 1.390470147132873535e+00
7.000000000000000000e+00 1.417763948440551758e+00
8.000000000000000000e+00 1.416605830192565918e+00
9.000000000000000000e+00 1.427154421806335449e+00
1.000000000000000000e+01 1.419610023498535156e+00
1.100000000000000000e+01 1.421256661415100098e+00
1.200000000000000000e+01 1.450029850006103516e+00
1.300000000000000000e+01 1.411683797836303711e+00
1.400000000000000000e+01 1.416647076606750488e+00
1.500000000000000000e+01 1.397319316864013672e+00
1.600000000000000000e+01 1.415237545967102051e+00
1.700000000000000000e+01 1.418636083602905273e+00
1.800000000000000000e+01 1.436757683753967285e+00
1.900000000000000000e+01 1.417686462402343750e+00
2.000000000000000000e+01 1.435536623001098633e+00
2.100000000000000000e+01 1.297260880470275879e+00
2.200000000000000000e+01 1.442646503448486328e+00
2.300000000000000000e+01 1.445430636405944824e+00
2.400000000000000000e+01 1.393124222755432129e+00
2.500000000000000000e+01 1.383098483085632324e+00
2.600000000000000000e+01 1.405911087989807129e+00
2.700000000000000000e+01 1.352771520614624023e+00
2.800000000000000000e+01 1.368972659111022949e+00
2.900000000000000000e+01 1.407111525535583496e+00
3.000000000000000000e+01 1.370943069458007812e+00
3.100000000000000000e+01 1.406926989555358887e+00
3.200000000000000000e+01 1.451064348220825195e+00
3.300000000000000000e+01 1.427203893661499023e+00
3.400000000000000000e+01 1.354330658912658691e+00
3.500000000000000000e+01 1.437031388282775879e+00
3.600000000000000000e+01 1.415848970413208008e+00
3.700000000000000000e+01 1.392886042594909668e+00
3.800000000000000000e+01 1.392959594726562500e+00
3.900000000000000000e+01 1.349514961242675781e+00
4.000000000000000000e+01 1.421385765075683594e+00
4.100000000000000000e+01 1.443089365959167480e+00
4.200000000000000000e+01 1.393028736114501953e+00
4.300000000000000000e+01 1.301556587219238281e+00
4.400000000000000000e+01 1.431328654289245605e+00
4.500000000000000000e+01 1.432841539382934570e+00
4.600000000000000000e+01 1.450033545494079590e+00
4.700000000000000000e+01 1.472370982170104980e+00
4.800000000000000000e+01 1.386833548545837402e+00
4.900000000000000000e+01 1.426220178604125977e+00
5.000000000000000000e+01 1.385181307792663574e+00
5.100000000000000000e+01 1.387387871742248535e+00
5.200000000000000000e+01 1.443397402763366699e+00
5.300000000000000000e+01 1.453988075256347656e+00
5.400000000000000000e+01 1.384647369384765625e+00
5.500000000000000000e+01 1.413518309593200684e+00
5.600000000000000000e+01 1.424472808837890625e+00
5.700000000000000000e+01 1.419102668762207031e+00
5.800000000000000000e+01 1.392575621604919434e+00
5.900000000000000000e+01 1.406353116035461426e+00
6.000000000000000000e+01 1.387744665145874023e+00
6.100000000000000000e+01 1.386180520057678223e+00
6.200000000000000000e+01 1.413881897926330566e+00
6.300000000000000000e+01 1.406773805618286133e+00
6.400000000000000000e+01 1.415302395820617676e+00
6.500000000000000000e+01 1.406128883361816406e+00
6.600000000000000000e+01 1.405884385108947754e+00
6.700000000000000000e+01 1.482913494110107422e+00
6.800000000000000000e+01 1.382671713829040527e+00
6.900000000000000000e+01 1.414689898490905762e+00
7.000000000000000000e+01 1.405811429023742676e+00
7.100000000000000000e+01 1.393165707588195801e+00
7.200000000000000000e+01 1.432721734046936035e+00
7.300000000000000000e+01 1.396197557449340820e+00
7.400000000000000000e+01 1.441537141799926758e+00
7.500000000000000000e+01 1.442893624305725098e+00
7.600000000000000000e+01 1.390110969543457031e+00
7.700000000000000000e+01 1.374500989913940430e+00
7.800000000000000000e+01 1.422619938850402832e+00
7.900000000000000000e+01 1.422660470008850098e+00
8.000000000000000000e+01 1.401306271553039551e+00
8.100000000000000000e+01 1.424820542335510254e+00
8.200000000000000000e+01 1.397014617919921875e+00
8.300000000000000000e+01 1.391502499580383301e+00
8.400000000000000000e+01 1.419345736503601074e+00
8.500000000000000000e+01 1.406785845756530762e+00
8.600000000000000000e+01 1.404644966125488281e+00
8.700000000000000000e+01 1.394352912902832031e+00
8.800000000000000000e+01 1.402911782264709473e+00
8.900000000000000000e+01 1.411037445068359375e+00
9.000000000000000000e+01 1.406122446060180664e+00
9.100000000000000000e+01 1.429208397865295410e+00
9.200000000000000000e+01 1.421261310577392578e+00
9.300000000000000000e+01 1.410891294479370117e+00
9.400000000000000000e+01 1.411697268486022949e+00
9.500000000000000000e+01 1.423245310783386230e+00
9.600000000000000000e+01 1.409134864807128906e+00
9.700000000000000000e+01 1.397752881050109863e+00
9.800000000000000000e+01 1.435958385467529297e+00
9.900000000000000000e+01 1.464364290237426758e+00
