0.000000000000000000e+00 3.199944734573364258e+00
1.000000000000000000e+00 3.236893892288208008e+00
2.000000000000000000e+00 3.208231925964355469e+00
3.000000000000000000e+00 3.183240175247192383e+00
4.000000000000000000e+00 3.196707010269165039e+00
5.000000000000000000e+00 3.207861185073852539e+00
6.000000000000000000e+00 3.213486671447753906e+00
7.000000000000000000e+00 3.244685649871826172e+00
8.000000000000000000e+00 3.209770679473876953e+00
9.000000000000000000e+00 3.209058284759521484e+00
1.000000000000000000e+01 3.186739683151245117e+00
1.100000000000000000e+01 3.249150753021240234e+00
1.200000000000000000e+01 3.208295822143554688e+00
1.300000000000000000e+01 3.230174541473388672e+00
1.400000000000000000e+01 3.183180093765258789e+00
1.500000000000000000e+01 3.238589763641357422e+00
1.600000000000000000e+01 3.228230476379394531e+00
1.700000000000000000e+01 3.201286792755126953e+00
1.800000000000000000e+01 3.131676912307739258e+00
1.900000000000000000e+01 3.202561378479003906e+00
2.000000000000000000e+01 3.232089996337890625e+00
2.100000000000000000e+01 3.245870113372802734e+00
2.200000000000000000e+01 3.166760206222534180e+00
2.300000000000000000e+01 3.224232196807861328e+00
2.400000000000000000e+01 3.177953004837036133e+00
2.500000000000000000e+01 3.243416309356689453e+00
2.600000000000000000e+01 3.243728399276733398e+00
2.700000000000000000e+01 3.214475154876708984e+00
2.800000000000000000e+01 3.196469783782958984e+00
2.900000000000000000e+01 3.224265575408935547e+00
3.000000000000000000e+01 3.175364255905151367e+00
3.100000000000000000e+01 3.184883832931518555e+00
3.200000000000000000e+01 3.271134138107299805e+00
3.300000000000000000e+01 3.216654539108276367e+00
3.400000000000000000e+01 3.174200773239135742e+00
3.500000000000000000e+01 3.236990928649902344e+00
3.600000000000000000e+01 3.200191974639892578e+00
3.700000000000000000e+01 3.160041332244873047e+00
3.800000000000000000e+01 3.228406190872192383e+00
3.900000000000000000e+01 3.201415300369262695e+00
4.000000000000000000e+01 3.165394067764282227e+00
4.100000000000000000e+01 3.263131141662597656e+00
4.200000000000000000e+01 3.235098838806152344e+00
4.300000000000000000e+01 3.200849771499633789e+00
4.400000000000000000e+01 3.201178789138793945e+00
4.500000000000000000e+01 3.197664976119995117e+00
4.600000000000000000e+01 3.186606884002685547e+00
4.700000000000000000e+01 3.228529453277587891e+00
4.800000000000000000e+01 3.185269594192504883e+00
4.900000000000000000e+01 3.238887310028076172e+00
5.000000000000000000e+01 3.220338344573974609e+00
5.100000000000000000e+01 3.264832019805908203e+00
5.200000000000000000e+01 3.209795475006103516e+00
5.300000000000000000e+01 3.193115949630737305e+00
5.400000000000000000e+01 3.213087320327758789e+00
5.500000000000000000e+01 3.181587219238281250e+00
5.600000000000000000e+01 3.231743812561035156e+00
5.700000000000000000e+01 3.219734191894531250e+00
5.800000000000000000e+01 3.229790210723876953e+00
5.900000000000000000e+01 3.211618661880493164e+00
6.000000000000000000e+01 3.221103191375732422e+00
6.100000000000000000e+01 3.160117387771606445e+00
6.200000000000000000e+01 3.246817111968994141e+00
6.300000000000000000e+01 3.139463186264038086e+00
6.400000000000000000e+01 3.211055994033813477e+00
6.500000000000000000e+01 3.223140001296997070e+00
6.600000000000000000e+01 3.218388557434082031e+00
6.700000000000000000e+01 3.227892160415649414e+00
6.800000000000000000e+01 3.207181453704833984e+00
6.900000000000000000e+01 3.211931467056274414e+00
7.000000000000000000e+01 3.219888210296630859e+00
7.100000000000000000e+01 3.218742609024047852e+00
7.200000000000000000e+01 3.238970756530761719e+00
7.300000000000000000e+01 3.205204725265502930e+00
7.400000000000000000e+01 3.165244340896606445e+00
7.500000000000000000e+01 3.194002389907836914e+00
7.600000000000000000e+01 3.199315547943115234e+00
7.700000000000000000e+01 3.230284452438354492e+00
7.800000000000000000e+01 3.244173288345336914e+00
7.900000000000000000e+01 3.181681632995605469e+00
8.000000000000000000e+01 3.185474872589111328e+00
8.100000000000000000e+01 3.169252872467041016e+00
8.200000000000000000e+01 3.284646987915039062e+00
8.300000000000000000e+01 3.183190822601318359e+00
8.400000000000000000e+01 3.227467536926269531e+00
8.500000000000000000e+01 3.218390226364135742e+00
8.600000000000000000e+01 3.240746498107910156e+00
8.700000000000000000e+01 3.180054426193237305e+00
8.800000000000000000e+01 3.129236698150634766e+00
8.900000000000000000e+01 3.172763109207153320e+00
9.000000000000000000e+01 3.199901342391967773e+00
9.100000000000000000e+01 3.245277166366577148e+00
9.200000000000000000e+01 3.133949756622314453e+00
9.300000000000000000e+01 3.123247385025024414e+00
9.400000000000000000e+01 3.223377943038940430e+00
9.500000000000000000e+01 3.230963945388793945e+00
9.600000000000000000e+01 3.169768095016479492e+00
9.700000000000000000e+01 3.240148782730102539e+00
9.800000000000000000e+01 3.209882974624633789e+00
9.900000000000000000e+01 3.219532728195190430e+00
