0.000000000000000000e+00 1.411908745765686035e+00
1.000000000000000000e+00 1.423590660095214844e+00
2.000000000000000000e+00 1.437514305114746094e+00
3.000000000000000000e+00 1.420330047607421875e+00
4.000000000000000000e+00 1.362088561058044434e+00
5.000000000000000000e+00 1.433782219886779785e+00
6.000000000000000000e+00 1.379203319549560547e+00
7.000000000000000000e+00 1.384513974189758301e+00
8.000000000000000000e+00 1.380666375160217285e+00
9.000000000000000000e+00 1.422108769416809082e+00
1.000000000000000000e+01 1.390038967132568359e+00
1.100000000000000000e+01 1.397678971290588379e+00
1.200000000000000000e+01 1.440787553787231445e+00
1.300000000000000000e+01 1.317047953605651855e+00
1.400000000000000000e+01 1.376567363739013672e+00
1.500000000000000000e+01 1.390627145767211914e+00
1.600000000000000000e+01 1.427990555763244629e+00
1.700000000000000000e+01 1.394259810447692871e+00
1.800000000000000000e+01 1.395703077316284180e+00
1.900000000000000000e+01 1.422509431838989258e+00
2.000000000000000000e+01 1.417763948440551758e+00
2.100000000000000000e+01 1.386302351951599121e+00
2.200000000000000000e+01 1.396597385406494141e+00
2.300000000000000000e+01 1.347870945930480957e+00
2.400000000000000000e+01 1.406403541564941406e+00
2.500000000000000000e+01 1.414280772209167480e+00
2.600000000000000000e+01 1.431388616561889648e+00
2.700000000000000000e+01 1.418867230415344238e+00
2.800000000000000000e+01 1.438577771186828613e+00
2.900000000000000000e+01 1.393122911453247070e+00
3.000000000000000000e+01 1.404275178909301758e+00
3.100000000000000000e+01 1.428740262985229492e+00
3.200000000000000000e+01 1.436738252639770508e+00
3.300000000000000000e+01 1.406129479408264160e+00
3.400000000000000000e+01 1.444083571434020996e+00
3.500000000000000000e+01 1.424684524536132812e+00
3.600000000000000000e+01 1.399753570556640625e+00
3.700000000000000000e+01 1.401779413223266602e+00
3.800000000000000000e+01 1.363532543182373047e+00
3.900000000000000000e+01 1.399560093879699707e+00
4.000000000000000000e+01 1.403313636779785156e+00
4.100000000000000000e+01 1.451205253601074219e+00
4.200000000000000000e+01 1.417754888534545898e+00
4.300000000000000000e+01 1.407140016555786133e+00
4.400000000000000000e+01 1.399601459503173828e+00
4.500000000000000000e+01 1.421715974807739258e+00
4.600000000000000000e+01 1.455785751342773438e+00
4.700000000000000000e+01 1.417469501495361328e+00
4.800000000000000000e+01 1.379119515419006348e+00
4.900000000000000000e+01 1.443653702735900879e+00
5.000000000000000000e+01 1.406898021697998047e+00
5.100000000000000000e+01 1.419829010963439941e+00
5.200000000000000000e+01 1.443674564361572266e+00
5.300000000000000000e+01 1.385850071907043457e+00
5.400000000000000000e+01 1.346265077590942383e+00
5.500000000000000000e+01 1.446364998817443848e+00
5.600000000000000000e+01 1.433877706527709961e+00
5.700000000000000000e+01 1.443687915802001953e+00
5.800000000000000000e+01 1.417757391929626465e+00
5.900000000000000000e+01 1.408816933631896973e+00
6.000000000000000000e+01 1.450296163558959961e+00
6.100000000000000000e+01 1.417566299438476562e+00
6.200000000000000000e+01 1.417883634567260742e+00
6.300000000000000000e+01 1.462246417999267578e+00
6.400000000000000000e+01 1.436736941337585449e+00
6.500000000000000000e+01 1.431015849113464355e+00
6.600000000000000000e+01 1.420189976692199707e+00
6.700000000000000000e+01 1.427273273468017578e+00
6.800000000000000000e+01 1.410069465637207031e+00
6.900000000000000000e+01 1.353240609169006348e+00
7.000000000000000000e+01 1.396443843841552734e+00
7.100000000000000000e+01 1.391959071159362793e+00
7.200000000000000000e+01 1.388888359069824219e+00
7.300000000000000000e+01 1.406321644783020020e+00
7.400000000000000000e+01 1.415379881858825684e+00
7.500000000000000000e+01 1.421231508255004883e+00
7.600000000000000000e+01 1.385998487472534180e+00
7.700000000000000000e+01 1.446082949638366699e+00
7.800000000000000000e+01 1.439691066741943359e+00
7.900000000000000000e+01 1.379425406455993652e+00
8.000000000000000000e+01 1.423222184181213379e+00
8.100000000000000000e+01 1.348016500473022461e+00
8.200000000000000000e+01 1.413717865943908691e+00
8.300000000000000000e+01 1.427229762077331543e+00
8.400000000000000000e+01 1.387583136558532715e+00
8.500000000000000000e+01 1.397633790969848633e+00
8.600000000000000000e+01 1.382345676422119141e+00
8.700000000000000000e+01 1.432388067245483398e+00
8.800000000000000000e+01 1.428823471069335938e+00
8.900000000000000000e+01 1.389667153358459473e+00
9.000000000000000000e+01 1.408923983573913574e+00
9.100000000000000000e+01 1.373213171958923340e+00
9.200000000000000000e+01 1.418362736701965332e+00
9.300000000000000000e+01 1.461738944053649902e+00
9.400000000000000000e+01 1.369323134422302246e+00
9.500000000000000000e+01 1.384631872177124023e+00
9.600000000000000000e+01 1.415883302688598633e+00
9.700000000000000000e+01 1.447876930236816406e+00
9.800000000000000000e+01 1.380164861679077148e+00
9.900000000000000000e+01 1.433542013168334961e+00
