0.000000000000000000e+00 2.763238906860351562e+00
1.000000000000000000e+00 2.709727287292480469e+00
2.000000000000000000e+00 2.682545185089111328e+00
3.000000000000000000e+00 2.752902746200561523e+00
4.000000000000000000e+00 2.786847352981567383e+00
5.000000000000000000e+00 2.742832660675048828e+00
6.000000000000000000e+00 2.784229755401611328e+00
7.000000000000000000e+00 2.845071315765380859e+00
8.000000000000000000e+00 2.807514429092407227e+00
9.000000000000000000e+00 2.829588890075683594e+00
1.000000000000000000e+01 2.799181699752807617e+00
1.100000000000000000e+01 2.693284511566162109e+00
1.200000000000000000e+01 2.844744443893432617e+00
1.300000000000000000e+01 2.860656976699829102e+00
1.400000000000000000e+01 2.773859739303588867e+00
1.500000000000000000e+01 2.890932559967041016e+00
1.600000000000000000e+01 2.777385711669921875e+00
1.700000000000000000e+01 2.767566680908203125e+00
1.800000000000000000e+01 2.800032854080200195e+00
1.900000000000000000e+01 2.940363168716430664e+00
2.000000000000000000e+01 2.802946567535400391e+00
2.100000000000000000e+01 2.824719190597534180e+00
2.200000000000000000e+01 2.858748674392700195e+00
2.300000000000000000e+01 2.850920200347900391e+00
2.400000000000000000e+01 2.819447994232177734e+00
2.500000000000000000e+01 2.769120931625366211e+00
2.600000000000000000e+01 2.825478076934814453e+00
2.700000000000000000e+01 2.763307809829711914e+00
2.800000000000000000e+01 2.827934741973876953e+00
2.900000000000000000e+01 2.854520320892333984e+00
3.000000000000000000e+01 2.813873529434204102e+00
3.100000000000000000e+01 2.798800945281982422e+00
3.200000000000000000e+01 2.833579778671264648e+00
3.300000000000000000e+01 2.856056213378906250e+00
3.400000000000000000e+01 2.891814231872558594e+00
3.500000000000000000e+01 2.937522172927856445e+00
3.600000000000000000e+01 2.809600830078125000e+00
3.700000000000000000e+01 2.834821462631225586e+00
3.800000000000000000e+01 2.852498531341552734e+00
3.900000000000000000e+01 2.761899709701538086e+00
4.000000000000000000e+01 2.817094326019287109e+00
4.100000000000000000e+01 2.729165554046630859e+00
4.200000000000000000e+01 2.807676076889038086e+00
4.300000000000000000e+01 2.778344869613647461e+00
4.400000000000000000e+01 2.845011472702026367e+00
4.500000000000000000e+01 2.870855808258056641e+00
4.600000000000000000e+01 2.830074310302734375e+00
4.700000000000000000e+01 2.829184532165527344e+00
4.800000000000000000e+01 2.791648387908935547e+00
4.900000000000000000e+01 2.840040445327758789e+00
5.000000000000000000e+01 2.931389093399047852e+00
5.100000000000000000e+01 2.830896139144897461e+00
5.200000000000000000e+01 2.756351232528686523e+00
5.300000000000000000e+01 2.854356765747070312e+00
5.400000000000000000e+01 2.874524831771850586e+00
5.500000000000000000e+01 2.969673633575439453e+00
5.600000000000000000e+01 2.816850423812866211e+00
5.700000000000000000e+01 2.773064613342285156e+00
5.800000000000000000e+01 2.948648691177368164e+00
5.900000000000000000e+01 2.810984134674072266e+00
6.000000000000000000e+01 2.809082746505737305e+00
6.100000000000000000e+01 2.854693412780761719e+00
6.200000000000000000e+01 2.884768724441528320e+00
6.300000000000000000e+01 2.800610542297363281e+00
6.400000000000000000e+01 2.788349151611328125e+00
6.500000000000000000e+01 2.805194854736328125e+00
6.600000000000000000e+01 2.782362222671508789e+00
6.700000000000000000e+01 2.853477954864501953e+00
6.800000000000000000e+01 2.897863626480102539e+00
6.900000000000000000e+01 2.824301004409790039e+00
7.000000000000000000e+01 2.725733041763305664e+00
7.100000000000000000e+01 2.791359901428222656e+00
7.200000000000000000e+01 2.822711467742919922e+00
7.300000000000000000e+01 2.794247865676879883e+00
7.400000000000000000e+01 2.809336662292480469e+00
7.500000000000000000e+01 2.741015911102294922e+00
7.600000000000000000e+01 2.774601697921752930e+00
7.700000000000000000e+01 2.781942844390869141e+00
7.800000000000000000e+01 2.841963768005371094e+00
7.900000000000000000e+01 2.905332326889038086e+00
8.000000000000000000e+01 2.732120513916015625e+00
8.100000000000000000e+01 2.788652420043945312e+00
8.200000000000000000e+01 2.792446613311767578e+00
8.300000000000000000e+01 2.880435466766357422e+00
8.400000000000000000e+01 2.822932004928588867e+00
8.500000000000000000e+01 2.811236143112182617e+00
8.600000000000000000e+01 2.798619985580444336e+00
8.700000000000000000e+01 2.824215650558471680e+00
8.800000000000000000e+01 2.745271682739257812e+00
8.900000000000000000e+01 2.824919939041137695e+00
9.000000000000000000e+01 3.002107858657836914e+00
9.100000000000000000e+01 2.800663948059082031e+00
9.200000000000000000e+01 2.891342878341674805e+00
9.300000000000000000e+01 2.811993837356567383e+00
9.400000000000000000e+01 2.818107604980468750e+00
9.500000000000000000e+01 2.819581508636474609e+00
9.600000000000000000e+01 2.863945245742797852e+00
9.700000000000000000e+01 2.743619441986083984e+00
9.800000000000000000e+01 2.755462646484375000e+00
9.900000000000000000e+01 2.783328771591186523e+00
