0.000000000000000000e+00 2.555846691131591797e+00
1.000000000000000000e+00 2.532352924346923828e+00
2.000000000000000000e+00 2.463057994842529297e+00
3.000000000000000000e+00 2.458043098449707031e+00
4.000000000000000000e+00 2.404922485351562500e+00
5.000000000000000000e+00 2.497626304626464844e+00
6.000000000000000000e+00 2.533983469009399414e+00
7.000000000000000000e+00 2.491356372833251953e+00
8.000000000000000000e+00 2.464563131332397461e+00
9.000000000000000000e+00 2.467913866043090820e+00
1.000000000000000000e+01 2.480530023574829102e+00
1.100000000000000000e+01 2.500023365020751953e+00
1.200000000000000000e+01 2.518391370773315430e+00
1.300000000000000000e+01 2.528390645980834961e+00
1.400000000000000000e+01 2.507635831832885742e+00
1.500000000000000000e+01 2.451946496963500977e+00
1.600000000000000000e+01 2.556333541870117188e+00
1.700000000000000000e+01 2.556328773498535156e+00
1.800000000000000000e+01 2.515781402587890625e+00
1.900000000000000000e+01 2.555198431015014648e+00
2.000000000000000000e+01 2.560349464416503906e+00
2.100000000000000000e+01 2.474033355712890625e+00
2.200000000000000000e+01 2.506759166717529297e+00
2.300000000000000000e+01 2.486008405685424805e+00
2.400000000000000000e+01 2.459363937377929688e+00
2.500000000000000000e+01 2.484151124954223633e+00
2.600000000000000000e+01 2.561468839645385742e+00
2.700000000000000000e+01 2.576827287673950195e+00
2.800000000000000000e+01 2.479017734527587891e+00
2.900000000000000000e+01 2.631064653396606445e+00
3.000000000000000000e+01 2.589900016784667969e+00
3.100000000000000000e+01 2.626689434051513672e+00
3.200000000000000000e+01 2.554683446884155273e+00
3.300000000000000000e+01 2.482414960861206055e+00
3.400000000000000000e+01 2.462423801422119141e+00
3.500000000000000000e+01 2.512946844100952148e+00
3.600000000000000000e+01 2.539610862731933594e+00
3.700000000000000000e+01 2.562625408172607422e+00
3.800000000000000000e+01 2.449587583541870117e+00
3.900000000000000000e+01 2.486562490463256836e+00
4.000000000000000000e+01 2.563099145889282227e+00
4.100000000000000000e+01 2.483283996582031250e+00
4.200000000000000000e+01 2.462319612503051758e+00
4.300000000000000000e+01 2.478965759277343750e+00
4.400000000000000000e+01 2.509704113006591797e+00
4.500000000000000000e+01 2.538148403167724609e+00
4.600000000000000000e+01 2.525946855545043945e+00
4.700000000000000000e+01 2.523249149322509766e+00
4.800000000000000000e+01 2.506714344024658203e+00
4.900000000000000000e+01 2.507998228073120117e+00
5.000000000000000000e+01 2.470327377319335938e+00
5.100000000000000000e+01 2.540142536163330078e+00
5.200000000000000000e+01 2.492065668106079102e+00
5.300000000000000000e+01 2.504522085189819336e+00
5.400000000000000000e+01 2.543485403060913086e+00
5.500000000000000000e+01 2.548005819320678711e+00
5.600000000000000000e+01 2.639277935028076172e+00
5.700000000000000000e+01 2.569522619247436523e+00
5.800000000000000000e+01 2.523148775100708008e+00
5.900000000000000000e+01 2.532637834548950195e+00
6.000000000000000000e+01 2.588036298751831055e+00
6.100000000000000000e+01 2.512520790100097656e+00
6.200000000000000000e+01 2.552582025527954102e+00
6.300000000000000000e+01 2.480241775512695312e+00
6.400000000000000000e+01 2.490268945693969727e+00
6.500000000000000000e+01 2.511029243469238281e+00
6.600000000000000000e+01 2.493931531906127930e+00
6.700000000000000000e+01 2.552293777465820312e+00
6.800000000000000000e+01 2.485835552215576172e+00
6.900000000000000000e+01 2.527240991592407227e+00
7.000000000000000000e+01 2.490876913070678711e+00
7.100000000000000000e+01 2.588872909545898438e+00
7.200000000000000000e+01 2.575067996978759766e+00
7.300000000000000000e+01 2.497421741485595703e+00
7.400000000000000000e+01 2.592808723449707031e+00
7.500000000000000000e+01 2.660946607589721680e+00
7.600000000000000000e+01 2.551325321197509766e+00
7.700000000000000000e+01 2.593617677688598633e+00
7.800000000000000000e+01 2.483938455581665039e+00
7.900000000000000000e+01 2.420379877090454102e+00
8.000000000000000000e+01 2.448721170425415039e+00
8.100000000000000000e+01 2.514994621276855469e+00
8.200000000000000000e+01 2.445356845855712891e+00
8.300000000000000000e+01 2.484803915023803711e+00
8.400000000000000000e+01 2.441755056381225586e+00
8.500000000000000000e+01 2.501666069030761719e+00
8.600000000000000000e+01 2.539488554000854492e+00
8.700000000000000000e+01 2.549844026565551758e+00
8.800000000000000000e+01 2.524232625961303711e+00
8.900000000000000000e+01 2.499825477600097656e+00
9.000000000000000000e+01 2.465117216110229492e+00
9.100000000000000000e+01 2.503930330276489258e+00
9.200000000000000000e+01 2.492415189743041992e+00
9.300000000000000000e+01 2.561766862869262695e+00
9.400000000000000000e+01 2.565038681030273438e+00
9.500000000000000000e+01 2.562357902526855469e+00
9.600000000000000000e+01 2.514976978302001953e+00
9.700000000000000000e+01 2.601795911788940430e+00
9.800000000000000000e+01 2.510526180267333984e+00
9.900000000000000000e+01 2.526144742965698242e+00
