0.000000000000000000e+00 2.128202438354492188e+00
1.000000000000000000e+00 2.132303953170776367e+00
2.000000000000000000e+00 2.185395956039428711e+00
3.000000000000000000e+00 2.097420454025268555e+00
4.000000000000000000e+00 2.132112026214599609e+00
5.000000000000000000e+00 2.102126836776733398e+00
6.000000000000000000e+00 2.164755821228027344e+00
7.000000000000000000e+00 2.084760904312133789e+00
8.000000000000000000e+00 2.090090751647949219e+00
9.000000000000000000e+00 2.086294412612915039e+00
1.000000000000000000e+01 2.209195613861083984e+00
1.100000000000000000e+01 2.176393747329711914e+00
1.200000000000000000e+01 2.132588386535644531e+00
1.300000000000000000e+01 2.067566156387329102e+00
1.400000000000000000e+01 2.135459184646606445e+00
1.500000000000000000e+01 2.108274698257446289e+00
1.600000000000000000e+01 2.158876180648803711e+00
1.700000000000000000e+01 2.065075874328613281e+00
1.800000000000000000e+01 2.101600885391235352e+00
1.900000000000000000e+01 2.144660234451293945e+00
2.000000000000000000e+01 2.063568592071533203e+00
2.100000000000000000e+01 2.148563623428344727e+00
2.200000000000000000e+01 2.201323747634887695e+00
2.300000000000000000e+01 2.182956457138061523e+00
2.400000000000000000e+01 2.081437587738037109e+00
2.500000000000000000e+01 2.138821601867675781e+00
2.600000000000000000e+01 2.160929441452026367e+00
2.700000000000000000e+01 2.092988491058349609e+00
2.800000000000000000e+01 2.239125967025756836e+00
2.900000000000000000e+01 2.113896369934082031e+00
3.000000000000000000e+01 2.141896486282348633e+00
3.100000000000000000e+01 2.122706890106201172e+00
3.200000000000000000e+01 2.207226991653442383e+00
3.300000000000000000e+01 2.172777652740478516e+00
3.400000000000000000e+01 2.184089660644531250e+00
3.500000000000000000e+01 2.167627096176147461e+00
3.600000000000000000e+01 2.138767004013061523e+00
3.700000000000000000e+01 2.122192382812500000e+00
3.800000000000000000e+01 2.199903726577758789e+00
3.900000000000000000e+01 2.169782161712646484e+00
4.000000000000000000e+01 2.061898708343505859e+00
4.100000000000000000e+01 2.085971117019653320e+00
4.200000000000000000e+01 2.167392015457153320e+00
4.300000000000000000e+01 2.084049940109252930e+00
4.400000000000000000e+01 2.152152299880981445e+00
4.500000000000000000e+01 2.084778070449829102e+00
4.600000000000000000e+01 2.086091518402099609e+00
4.700000000000000000e+01 2.131804943084716797e+00
4.800000000000000000e+01 2.088225364685058594e+00
4.900000000000000000e+01 2.146651983261108398e+00
5.000000000000000000e+01 2.126644849777221680e+00
5.100000000000000000e+01 2.173921346664428711e+00
5.200000000000000000e+01 2.165767908096313477e+00
5.300000000000000000e+01 2.074690818786621094e+00
5.400000000000000000e+01 2.088665246963500977e+00
5.500000000000000000e+01 2.150687456130981445e+00
5.600000000000000000e+01 1.982208490371704102e+00
5.700000000000000000e+01 2.169642686843872070e+00
5.800000000000000000e+01 2.127685308456420898e+00
5.900000000000000000e+01 2.116748571395874023e+00
6.000000000000000000e+01 2.117697477340698242e+00
6.100000000000000000e+01 2.109863758087158203e+00
6.200000000000000000e+01 2.143260002136230469e+00
6.300000000000000000e+01 2.071882486343383789e+00
6.400000000000000000e+01 2.207588672637939453e+00
6.500000000000000000e+01 2.167903423309326172e+00
6.600000000000000000e+01 2.092047214508056641e+00
6.700000000000000000e+01 2.066097021102905273e+00
6.800000000000000000e+01 2.039512157440185547e+00
6.900000000000000000e+01 2.123398303985595703e+00
7.000000000000000000e+01 2.137172460556030273e+00
7.100000000000000000e+01 2.073518991470336914e+00
7.200000000000000000e+01 2.116805315017700195e+00
7.300000000000000000e+01 2.107976913452148438e+00
7.400000000000000000e+01 2.115230560302734375e+00
7.500000000000000000e+01 2.064776182174682617e+00
7.600000000000000000e+01 2.071743488311767578e+00
7.700000000000000000e+01 2.111973524093627930e+00
7.800000000000000000e+01 2.027826786041259766e+00
7.900000000000000000e+01 2.149590015411376953e+00
8.000000000000000000e+01 2.139627218246459961e+00
8.100000000000000000e+01 2.079315662384033203e+00
8.200000000000000000e+01 2.172467708587646484e+00
8.300000000000000000e+01 2.084266185760498047e+00
8.400000000000000000e+01 2.081460952758789062e+00
8.500000000000000000e+01 2.132937908172607422e+00
8.600000000000000000e+01 2.057956218719482422e+00
8.700000000000000000e+01 2.140084981918334961e+00
8.800000000000000000e+01 2.069566249847412109e+00
8.900000000000000000e+01 2.148538589477539062e+00
9.000000000000000000e+01 2.103583097457885742e+00
9.100000000000000000e+01 2.240901470184326172e+00
9.200000000000000000e+01 2.198203563690185547e+00
9.300000000000000000e+01 2.069575786590576172e+00
9.400000000000000000e+01 2.116023540496826172e+00
9.500000000000000000e+01 2.040593385696411133e+00
9.600000000000000000e+01 2.115411281585693359e+00
9.700000000000000000e+01 2.187665224075317383e+00
9.800000000000000000e+01 2.019194602966308594e+00
9.900000000000000000e+01 2.053359031677246094e+00
