0.000000000000000000e+00 2.091198682785034180e+00
1.000000000000000000e+00 2.003427028656005859e+00
2.000000000000000000e+00 2.059264183044433594e+00
3.000000000000000000e+00 2.037486076354980469e+00
4.000000000000000000e+00 2.086829185485839844e+00
5.000000000000000000e+00 2.052725315093994141e+00
6.000000000000000000e+00 2.103100061416625977e+00
7.000000000000000000e+00 2.075811624526977539e+00
8.000000000000000000e+00 2.062788724899291992e+00
9.000000000000000000e+00 2.066002845764160156e+00
1.000000000000000000e+01 2.078432321548461914e+00
1.100000000000000000e+01 2.066002607345581055e+00
1.200000000000000000e+01 2.052018642425537109e+00
1.300000000000000000e+01 2.117959499359130859e+00
1.400000000000000000e+01 1.989017367362976074e+00
1.500000000000000000e+01 2.022537708282470703e+00
1.600000000000000000e+01 1.972092986106872559e+00
1.700000000000000000e+01 2.015639305114746094e+00
1.800000000000000000e+01 2.050146818161010742e+00
1.900000000000000000e+01 2.020022392272949219e+00
2.000000000000000000e+01 2.064482450485229492e+00
2.100000000000000000e+01 2.037007331848144531e+00
2.200000000000000000e+01 2.144433498382568359e+00
2.300000000000000000e+01 2.022713422775268555e+00
2.400000000000000000e+01 2.093718767166137695e+00
2.500000000000000000e+01 2.024440765380859375e+00
2.600000000000000000e+01 2.052184820175170898e+00
2.700000000000000000e+01 2.040152311325073242e+00
2.800000000000000000e+01 2.063223361968994141e+00
2.900000000000000000e+01 1.977042675018310547e+00
3.000000000000000000e+01 2.104422092437744141e+00
3.100000000000000000e+01 1.989494800567626953e+00
3.200000000000000000e+01 2.067292928695678711e+00
3.300000000000000000e+01 2.040668725967407227e+00
3.400000000000000000e+01 2.137548685073852539e+00
3.500000000000000000e+01 2.112036705017089844e+00
3.600000000000000000e+01 2.021943092346191406e+00
3.700000000000000000e+01 2.031280040740966797e+00
3.800000000000000000e+01 2.076742649078369141e+00
3.900000000000000000e+01 2.026005983352661133e+00
4.000000000000000000e+01 1.951522469520568848e+00
4.100000000000000000e+01 2.111512899398803711e+00
4.200000000000000000e+01 1.989019036293029785e+00
4.300000000000000000e+01 2.024838685989379883e+00
4.400000000000000000e+01 2.040656328201293945e+00
4.500000000000000000e+01 2.043534755706787109e+00
4.600000000000000000e+01 2.002063512802124023e+00
4.700000000000000000e+01 2.091828823089599609e+00
4.800000000000000000e+01 2.034617900848388672e+00
4.900000000000000000e+01 2.047408342361450195e+00
5.000000000000000000e+01 2.096287250518798828e+00
5.100000000000000000e+01 2.067306995391845703e+00
5.200000000000000000e+01 2.060050249099731445e+00
5.300000000000000000e+01 2.055395841598510742e+00
5.400000000000000000e+01 2.043784618377685547e+00
5.500000000000000000e+01 2.050731658935546875e+00
5.600000000000000000e+01 2.049031972885131836e+00
5.700000000000000000e+01 2.044851541519165039e+00
5.800000000000000000e+01 2.052489280700683594e+00
5.900000000000000000e+01 2.061460018157958984e+00
6.000000000000000000e+01 2.016029357910156250e+00
6.100000000000000000e+01 2.020095109939575195e+00
6.200000000000000000e+01 2.094433307647705078e+00
6.300000000000000000e+01 2.055072069168090820e+00
6.400000000000000000e+01 2.129282951354980469e+00
6.500000000000000000e+01 2.154245615005493164e+00
6.600000000000000000e+01 2.001528024673461914e+00
6.700000000000000000e+01 2.101109743118286133e+00
6.800000000000000000e+01 2.091092109680175781e+00
6.900000000000000000e+01 1.991643071174621582e+00
7.000000000000000000e+01 2.058932065963745117e+00
7.100000000000000000e+01 2.001657485961914062e+00
7.200000000000000000e+01 2.028738737106323242e+00
7.300000000000000000e+01 2.054259061813354492e+00
7.400000000000000000e+01 2.011430501937866211e+00
7.500000000000000000e+01 2.128434658050537109e+00
7.600000000000000000e+01 2.024236679077148438e+00
7.700000000000000000e+01 2.090123176574707031e+00
7.800000000000000000e+01 2.052984714508056641e+00
7.900000000000000000e+01 2.080863952636718750e+00
8.000000000000000000e+01 2.036746025085449219e+00
8.100000000000000000e+01 2.020532608032226562e+00
8.200000000000000000e+01 2.061651945114135742e+00
8.300000000000000000e+01 2.038374662399291992e+00
8.400000000000000000e+01 2.043905735015869141e+00
8.500000000000000000e+01 2.033943891525268555e+00
8.600000000000000000e+01 2.089351892471313477e+00
8.700000000000000000e+01 2.040790557861328125e+00
8.800000000000000000e+01 2.043220758438110352e+00
8.900000000000000000e+01 2.105897665023803711e+00
9.000000000000000000e+01 2.070457220077514648e+00
9.100000000000000000e+01 2.028986454010009766e+00
9.200000000000000000e+01 2.036696910858154297e+00
9.300000000000000000e+01 1.967256188392639160e+00
9.400000000000000000e+01 1.986015796661376953e+00
9.500000000000000000e+01 2.059807777404785156e+00
9.600000000000000000e+01 2.034235239028930664e+00
9.700000000000000000e+01 2.027195215225219727e+00
9.800000000000000000e+01 1.991581559181213379e+00
9.900000000000000000e+01 2.126476526260375977e+00
