0.000000000000000000e+00 2.434697628021240234e+00
1.000000000000000000e+00 2.446578741073608398e+00
2.000000000000000000e+00 2.498697996139526367e+00
3.000000000000000000e+00 2.418401241302490234e+00
4.000000000000000000e+00 2.287119388580322266e+00
5.000000000000000000e+00 2.336619138717651367e+00
6.000000000000000000e+00 2.438257455825805664e+00
7.000000000000000000e+00 2.432305574417114258e+00
8.000000000000000000e+00 2.439284324645996094e+00
9.000000000000000000e+00 2.435151815414428711e+00
1.000000000000000000e+01 2.484674215316772461e+00
1.100000000000000000e+01 2.425698995590209961e+00
1.200000000000000000e+01 2.432906866073608398e+00
1.300000000000000000e+01 2.492328166961669922e+00
1.400000000000000000e+01 2.422048330307006836e+00
1.500000000000000000e+01 2.337842464447021484e+00
1.600000000000000000e+01 2.392575025558471680e+00
1.700000000000000000e+01 2.416450023651123047e+00
1.800000000000000000e+01 2.383785247802734375e+00
1.900000000000000000e+01 2.418608903884887695e+00
2.000000000000000000e+01 2.306560993194580078e+00
2.100000000000000000e+01 2.447643280029296875e+00
2.200000000000000000e+01 2.408788442611694336e+00
2.300000000000000000e+01 2.470353841781616211e+00
2.400000000000000000e+01 2.375002861022949219e+00
2.500000000000000000e+01 2.317310571670532227e+00
2.600000000000000000e+01 2.274319171905517578e+00
2.700000000000000000e+01 2.324971199035644531e+00
2.800000000000000000e+01 2.375384092330932617e+00
2.900000000000000000e+01 2.332239151000976562e+00
3.000000000000000000e+01 2.348857641220092773e+00
3.100000000000000000e+01 2.485481262207031250e+00
3.200000000000000000e+01 2.496641874313354492e+00
3.300000000000000000e+01 2.351645469665527344e+00
3.400000000000000000e+01 2.408117771148681641e+00
3.500000000000000000e+01 2.434267520904541016e+00
3.600000000000000000e+01 2.404568672180175781e+00
3.700000000000000000e+01 2.276576042175292969e+00
3.800000000000000000e+01 2.371861696243286133e+00
3.900000000000000000e+01 2.340590000152587891e+00
4.000000000000000000e+01 2.465260982513427734e+00
4.100000000000000000e+01 2.399180889129638672e+00
4.200000000000000000e+01 2.417025089263916016e+00
4.300000000000000000e+01 2.373509407043457031e+00
4.400000000000000000e+01 2.297260522842407227e+00
4.500000000000000000e+01 2.331717967987060547e+00
4.600000000000000000e+01 2.427752494812011719e+00
4.700000000000000000e+01 2.305803537368774414e+00
4.800000000000000000e+01 2.466026782989501953e+00
4.900000000000000000e+01 2.491112470626831055e+00
5.000000000000000000e+01 2.499898195266723633e+00
5.100000000000000000e+01 2.429047346115112305e+00
5.200000000000000000e+01 2.362247467041015625e+00
5.300000000000000000e+01 2.327461957931518555e+00
5.400000000000000000e+01 2.404878854751586914e+00
5.500000000000000000e+01 2.490031242370605469e+00
5.600000000000000000e+01 2.403989315032958984e+00
5.700000000000000000e+01 2.465134143829345703e+00
5.800000000000000000e+01 2.486491441726684570e+00
5.900000000000000000e+01 2.411178350448608398e+00
6.000000000000000000e+01 2.283653497695922852e+00
6.100000000000000000e+01 2.275141477584838867e+00
6.200000000000000000e+01 2.402740240097045898e+00
6.300000000000000000e+01 2.409326076507568359e+00
6.400000000000000000e+01 2.421471595764160156e+00
6.500000000000000000e+01 2.396217823028564453e+00
6.600000000000000000e+01 2.414805650711059570e+00
6.700000000000000000e+01 2.493804931640625000e+00
6.800000000000000000e+01 2.351567745208740234e+00
6.900000000000000000e+01 2.372379302978515625e+00
7.000000000000000000e+01 2.452280998229980469e+00
7.100000000000000000e+01 2.534251689910888672e+00
7.200000000000000000e+01 2.364715337753295898e+00
7.300000000000000000e+01 2.440066337585449219e+00
7.400000000000000000e+01 2.383253812789916992e+00
7.500000000000000000e+01 2.407443761825561523e+00
7.600000000000000000e+01 2.399310827255249023e+00
7.700000000000000000e+01 2.354297161102294922e+00
7.800000000000000000e+01 2.498867750167846680e+00
7.900000000000000000e+01 2.389753580093383789e+00
8.000000000000000000e+01 2.424373865127563477e+00
8.100000000000000000e+01 2.373765468597412109e+00
8.200000000000000000e+01 2.397842407226562500e+00
8.300000000000000000e+01 2.454862833023071289e+00
8.400000000000000000e+01 2.374353170394897461e+00
8.500000000000000000e+01 2.389985322952270508e+00
8.600000000000000000e+01 2.390085220336914062e+00
8.700000000000000000e+01 2.341056823730468750e+00
8.800000000000000000e+01 2.349488258361816406e+00
8.900000000000000000e+01 2.413645505905151367e+00
9.000000000000000000e+01 2.365319252014160156e+00
9.100000000000000000e+01 2.466341495513916016e+00
9.200000000000000000e+01 2.401325464248657227e+00
9.300000000000000000e+01 2.395017385482788086e+00
9.400000000000000000e+01 2.438759326934814453e+00
9.500000000000000000e+01 2.319674491882324219e+00
9.600000000000000000e+01 2.396976232528686523e+00
9.700000000000000000e+01 2.421650409698486328e+00
9.800000000000000000e+01 2.487821817398071289e+00
9.900000000000000000e+01 2.441816329956054688e+00
