0.000000000000000000e+00 2.196505069732666016e+00
1.000000000000000000e+00 2.202381372451782227e+00
2.000000000000000000e+00 2.328267097473144531e+00
3.000000000000000000e+00 2.276588916778564453e+00
4.000000000000000000e+00 2.172166585922241211e+00
5.000000000000000000e+00 2.168579816818237305e+00
6.000000000000000000e+00 2.136600017547607422e+00
7.000000000000000000e+00 2.252041101455688477e+00
8.000000000000000000e+00 2.201324701309204102e+00
9.000000000000000000e+00 2.160370826721191406e+00
1.000000000000000000e+01 2.268811941146850586e+00
1.100000000000000000e+01 2.197566509246826172e+00
1.200000000000000000e+01 2.200639486312866211e+00
1.300000000000000000e+01 2.209518671035766602e+00
1.400000000000000000e+01 2.271723985671997070e+00
1.500000000000000000e+01 2.231388330459594727e+00
1.600000000000000000e+01 2.269077301025390625e+00
1.700000000000000000e+01 2.132786750793457031e+00
1.800000000000000000e+01 2.181302547454833984e+00
1.900000000000000000e+01 2.227432966232299805e+00
2.000000000000000000e+01 2.191364288330078125e+00
2.100000000000000000e+01 2.182016134262084961e+00
2.200000000000000000e+01 2.226589202880859375e+00
2.300000000000000000e+01 2.266425848007202148e+00
2.400000000000000000e+01 2.145712137222290039e+00
2.500000000000000000e+01 2.197921752929687500e+00
2.600000000000000000e+01 2.241161584854125977e+00
2.700000000000000000e+01 2.207237958908081055e+00
2.800000000000000000e+01 2.253073930740356445e+00
2.900000000000000000e+01 2.144603967666625977e+00
3.000000000000000000e+01 2.284900188446044922e+00
3.100000000000000000e+01 2.190670013427734375e+00
3.200000000000000000e+01 2.210332393646240234e+00
3.300000000000000000e+01 2.232788801193237305e+00
3.400000000000000000e+01 2.173310518264770508e+00
3.500000000000000000e+01 2.257661819458007812e+00
3.600000000000000000e+01 2.253780841827392578e+00
3.700000000000000000e+01 2.258034706115722656e+00
3.800000000000000000e+01 2.132159709930419922e+00
3.900000000000000000e+01 2.244966268539428711e+00
4.000000000000000000e+01 2.145947217941284180e+00
4.100000000000000000e+01 2.284039974212646484e+00
4.200000000000000000e+01 2.279053688049316406e+00
4.300000000000000000e+01 2.293313264846801758e+00
4.400000000000000000e+01 2.200528860092163086e+00
4.500000000000000000e+01 2.204190969467163086e+00
4.600000000000000000e+01 2.244488000869750977e+00
4.700000000000000000e+01 2.178264379501342773e+00
4.800000000000000000e+01 2.287821769714355469e+00
4.900000000000000000e+01 2.292211294174194336e+00
5.000000000000000000e+01 2.265939950942993164e+00
5.100000000000000000e+01 2.227088212966918945e+00
5.200000000000000000e+01 2.101404190063476562e+00
5.300000000000000000e+01 2.208142042160034180e+00
5.400000000000000000e+01 2.138669490814208984e+00
5.500000000000000000e+01 2.130017995834350586e+00
5.600000000000000000e+01 2.153152227401733398e+00
5.700000000000000000e+01 2.119813442230224609e+00
5.800000000000000000e+01 2.159537792205810547e+00
5.900000000000000000e+01 2.178966283798217773e+00
6.000000000000000000e+01 2.251467227935791016e+00
6.100000000000000000e+01 2.237199306488037109e+00
6.200000000000000000e+01 2.170472145080566406e+00
6.300000000000000000e+01 2.147347211837768555e+00
6.400000000000000000e+01 2.177293777465820312e+00
6.500000000000000000e+01 2.136873245239257812e+00
6.600000000000000000e+01 2.141347169876098633e+00
6.700000000000000000e+01 2.187479734420776367e+00
6.800000000000000000e+01 2.193607330322265625e+00
6.900000000000000000e+01 2.283006668090820312e+00
7.000000000000000000e+01 2.171906709671020508e+00
7.100000000000000000e+01 2.241108655929565430e+00
7.200000000000000000e+01 2.250362157821655273e+00
7.300000000000000000e+01 2.330769062042236328e+00
7.400000000000000000e+01 2.226353645324707031e+00
7.500000000000000000e+01 2.267658710479736328e+00
7.600000000000000000e+01 2.195789098739624023e+00
7.700000000000000000e+01 2.176803112030029297e+00
7.800000000000000000e+01 2.191700220108032227e+00
7.900000000000000000e+01 2.175259351730346680e+00
8.000000000000000000e+01 2.175328493118286133e+00
8.100000000000000000e+01 2.169327497482299805e+00
8.200000000000000000e+01 2.156332254409790039e+00
8.300000000000000000e+01 2.206767559051513672e+00
8.400000000000000000e+01 2.179136276245117188e+00
8.500000000000000000e+01 2.225324153900146484e+00
8.600000000000000000e+01 2.107016324996948242e+00
8.700000000000000000e+01 2.231231451034545898e+00
8.800000000000000000e+01 2.128639698028564453e+00
8.900000000000000000e+01 2.121576786041259766e+00
9.000000000000000000e+01 2.150241374969482422e+00
9.100000000000000000e+01 2.202261924743652344e+00
9.200000000000000000e+01 2.251285076141357422e+00
9.300000000000000000e+01 2.160482883453369141e+00
9.400000000000000000e+01 2.222106933593750000e+00
9.500000000000000000e+01 2.208415746688842773e+00
9.600000000000000000e+01 2.177541017532348633e+00
9.700000000000000000e+01 2.165256977081298828e+00
9.800000000000000000e+01 2.145672082901000977e+00
9.900000000000000000e+01 2.359479427337646484e+00
