0.000000000000000000e+00 2.670281887054443359e+00
1.000000000000000000e+00 2.732582569122314453e+00
2.000000000000000000e+00 2.611614942550659180e+00
3.000000000000000000e+00 2.721445798873901367e+00
4.000000000000000000e+00 2.642713785171508789e+00
5.000000000000000000e+00 2.662669420242309570e+00
6.000000000000000000e+00 2.772463321685791016e+00
7.000000000000000000e+00 2.741426706314086914e+00
8.000000000000000000e+00 2.756827831268310547e+00
9.000000000000000000e+00 2.727935314178466797e+00
1.000000000000000000e+01 2.724793434143066406e+00
1.100000000000000000e+01 2.785844326019287109e+00
1.200000000000000000e+01 2.696208953857421875e+00
1.300000000000000000e+01 2.722765922546386719e+00
1.400000000000000000e+01 2.683625936508178711e+00
1.500000000000000000e+01 2.693001270294189453e+00
1.600000000000000000e+01 2.768434047698974609e+00
1.700000000000000000e+01 2.708582878112792969e+00
1.800000000000000000e+01 2.721546411514282227e+00
1.900000000000000000e+01 2.744718313217163086e+00
2.000000000000000000e+01 2.695101976394653320e+00
2.100000000000000000e+01 2.675348281860351562e+00
2.200000000000000000e+01 2.701761245727539062e+00
2.300000000000000000e+01 2.676758766174316406e+00
2.400000000000000000e+01 2.679679155349731445e+00
2.500000000000000000e+01 2.664552450180053711e+00
2.600000000000000000e+01 2.705775976181030273e+00
2.700000000000000000e+01 2.676812171936035156e+00
2.800000000000000000e+01 2.760255336761474609e+00
2.900000000000000000e+01 2.796006917953491211e+00
3.000000000000000000e+01 2.586359977722167969e+00
3.100000000000000000e+01 2.583813190460205078e+00
3.200000000000000000e+01 2.690585851669311523e+00
3.300000000000000000e+01 2.702975273132324219e+00
3.400000000000000000e+01 2.747119665145874023e+00
3.500000000000000000e+01 2.762183904647827148e+00
3.600000000000000000e+01 2.810457706451416016e+00
3.700000000000000000e+01 2.752227067947387695e+00
3.800000000000000000e+01 2.806622028350830078e+00
3.900000000000000000e+01 2.875379800796508789e+00
4.000000000000000000e+01 2.785159587860107422e+00
4.100000000000000000e+01 2.768876314163208008e+00
4.200000000000000000e+01 2.806122303009033203e+00
4.300000000000000000e+01 2.823546409606933594e+00
4.400000000000000000e+01 2.829350948333740234e+00
4.500000000000000000e+01 2.793301105499267578e+00
4.600000000000000000e+01 2.788721561431884766e+00
4.700000000000000000e+01 2.746098041534423828e+00
4.800000000000000000e+01 2.751594781875610352e+00
4.900000000000000000e+01 2.763415098190307617e+00
5.000000000000000000e+01 2.649784326553344727e+00
5.100000000000000000e+01 2.787581443786621094e+00
5.200000000000000000e+01 2.693626642227172852e+00
5.300000000000000000e+01 2.709914207458496094e+00
5.400000000000000000e+01 2.843746900558471680e+00
5.500000000000000000e+01 2.809534072875976562e+00
5.600000000000000000e+01 2.670746088027954102e+00
5.700000000000000000e+01 2.707789182662963867e+00
5.800000000000000000e+01 2.713335037231445312e+00
5.900000000000000000e+01 2.736129522323608398e+00
6.000000000000000000e+01 2.708276271820068359e+00
6.100000000000000000e+01 2.734546661376953125e+00
6.200000000000000000e+01 2.831922531127929688e+00
6.300000000000000000e+01 2.656872510910034180e+00
6.400000000000000000e+01 2.785072088241577148e+00
6.500000000000000000e+01 2.680706501007080078e+00
6.600000000000000000e+01 2.815991640090942383e+00
6.700000000000000000e+01 2.765387773513793945e+00
6.800000000000000000e+01 2.784174680709838867e+00
6.900000000000000000e+01 2.642394781112670898e+00
7.000000000000000000e+01 2.791221857070922852e+00
7.100000000000000000e+01 2.724568843841552734e+00
7.200000000000000000e+01 2.769346714019775391e+00
7.300000000000000000e+01 2.701246976852416992e+00
7.400000000000000000e+01 2.725500583648681641e+00
7.500000000000000000e+01 2.679966449737548828e+00
7.600000000000000000e+01 2.725380659103393555e+00
7.700000000000000000e+01 2.697809696197509766e+00
7.800000000000000000e+01 2.680250644683837891e+00
7.900000000000000000e+01 2.743740320205688477e+00
8.000000000000000000e+01 2.710020780563354492e+00
8.100000000000000000e+01 2.750346422195434570e+00
8.200000000000000000e+01 2.743278264999389648e+00
8.300000000000000000e+01 2.751423120498657227e+00
8.400000000000000000e+01 2.713811159133911133e+00
8.500000000000000000e+01 2.705629110336303711e+00
8.600000000000000000e+01 2.737490415573120117e+00
8.700000000000000000e+01 2.791442394256591797e+00
8.800000000000000000e+01 2.810525894165039062e+00
8.900000000000000000e+01 2.690991401672363281e+00
9.000000000000000000e+01 2.735509157180786133e+00
9.100000000000000000e+01 2.700824975967407227e+00
9.200000000000000000e+01 2.750037670135498047e+00
9.300000000000000000e+01 2.734514713287353516e+00
9.400000000000000000e+01 2.662984609603881836e+00
9.500000000000000000e+01 2.680573701858520508e+00
9.600000000000000000e+01 2.785480737686157227e+00
9.700000000000000000e+01 2.784115791320800781e+00
9.800000000000000000e+01 2.736021757125854492e+00
9.900000000000000000e+01 2.785278081893920898e+00
