0.000000000000000000e+00 2.324636936187744141e+00
1.000000000000000000e+00 2.393650293350219727e+00
2.000000000000000000e+00 2.310669898986816406e+00
3.000000000000000000e+00 2.301188230514526367e+00
4.000000000000000000e+00 2.402512788772583008e+00
5.000000000000000000e+00 2.467989921569824219e+00
6.000000000000000000e+00 2.353263616561889648e+00
7.000000000000000000e+00 2.303405761718750000e+00
8.000000000000000000e+00 2.340474843978881836e+00
9.000000000000000000e+00 2.291275262832641602e+00
1.000000000000000000e+01 2.256685018539428711e+00
1.100000000000000000e+01 2.292834281921386719e+00
1.200000000000000000e+01 2.233978033065795898e+00
1.300000000000000000e+01 2.231094598770141602e+00
1.400000000000000000e+01 2.274672031402587891e+00
1.500000000000000000e+01 2.241554498672485352e+00
1.600000000000000000e+01 2.316140890121459961e+00
1.700000000000000000e+01 2.307711601257324219e+00
1.800000000000000000e+01 2.323565006256103516e+00
1.900000000000000000e+01 2.321968793869018555e+00
2.000000000000000000e+01 2.291228055953979492e+00
2.100000000000000000e+01 2.264555215835571289e+00
2.200000000000000000e+01 2.241002321243286133e+00
2.300000000000000000e+01 2.276420593261718750e+00
2.400000000000000000e+01 2.232080936431884766e+00
2.500000000000000000e+01 2.289793252944946289e+00
2.600000000000000000e+01 2.357469081878662109e+00
2.700000000000000000e+01 2.305761814117431641e+00
2.800000000000000000e+01 2.328248023986816406e+00
2.900000000000000000e+01 2.337322473526000977e+00
3.000000000000000000e+01 2.278645753860473633e+00
3.100000000000000000e+01 2.232124090194702148e+00
3.200000000000000000e+01 2.370707511901855469e+00
3.300000000000000000e+01 2.263873338699340820e+00
3.400000000000000000e+01 2.337651252746582031e+00
3.500000000000000000e+01 2.234431505203247070e+00
3.600000000000000000e+01 2.278110027313232422e+00
3.700000000000000000e+01 2.316076755523681641e+00
3.800000000000000000e+01 2.246534585952758789e+00
3.900000000000000000e+01 2.263556957244873047e+00
4.000000000000000000e+01 2.326847553253173828e+00
4.100000000000000000e+01 2.274997472763061523e+00
4.200000000000000000e+01 2.391421556472778320e+00
4.300000000000000000e+01 2.284460067749023438e+00
4.400000000000000000e+01 2.349847555160522461e+00
4.500000000000000000e+01 2.190926313400268555e+00
4.600000000000000000e+01 2.308497428894042969e+00
4.700000000000000000e+01 2.345840215682983398e+00
4.800000000000000000e+01 2.389182806015014648e+00
4.900000000000000000e+01 2.359049320220947266e+00
5.000000000000000000e+01 2.233148813247680664e+00
5.100000000000000000e+01 2.306228160858154297e+00
5.200000000000000000e+01 2.239393472671508789e+00
5.300000000000000000e+01 2.284439802169799805e+00
5.400000000000000000e+01 2.254849195480346680e+00
5.500000000000000000e+01 2.311925649642944336e+00
5.600000000000000000e+01 2.347456216812133789e+00
5.700000000000000000e+01 2.434441566467285156e+00
5.800000000000000000e+01 2.273988962173461914e+00
5.900000000000000000e+01 2.299738883972167969e+00
6.000000000000000000e+01 2.322403192520141602e+00
6.100000000000000000e+01 2.276502609252929688e+00
6.200000000000000000e+01 2.235781192779541016e+00
6.300000000000000000e+01 2.266527175903320312e+00
6.400000000000000000e+01 2.391408443450927734e+00
6.500000000000000000e+01 2.340940952301025391e+00
6.600000000000000000e+01 2.328425884246826172e+00
6.700000000000000000e+01 2.377645015716552734e+00
6.800000000000000000e+01 2.369574546813964844e+00
6.900000000000000000e+01 2.358906269073486328e+00
7.000000000000000000e+01 2.286724805831909180e+00
7.100000000000000000e+01 2.288847208023071289e+00
7.200000000000000000e+01 2.260668039321899414e+00
7.300000000000000000e+01 2.271317481994628906e+00
7.400000000000000000e+01 2.283336162567138672e+00
7.500000000000000000e+01 2.301282882690429688e+00
7.600000000000000000e+01 2.400480031967163086e+00
7.700000000000000000e+01 2.313956022262573242e+00
7.800000000000000000e+01 2.330838918685913086e+00
7.900000000000000000e+01 2.367026329040527344e+00
8.000000000000000000e+01 2.388173818588256836e+00
8.100000000000000000e+01 2.323295831680297852e+00
8.200000000000000000e+01 2.298417568206787109e+00
8.300000000000000000e+01 2.309426069259643555e+00
8.400000000000000000e+01 2.403831243515014648e+00
8.500000000000000000e+01 2.339984655380249023e+00
8.600000000000000000e+01 2.274882555007934570e+00
8.700000000000000000e+01 2.255466938018798828e+00
8.800000000000000000e+01 2.350338220596313477e+00
8.900000000000000000e+01 2.266659975051879883e+00
9.000000000000000000e+01 2.351796865463256836e+00
9.100000000000000000e+01 2.258006811141967773e+00
9.200000000000000000e+01 2.267670869827270508e+00
9.300000000000000000e+01 2.320968866348266602e+00
9.400000000000000000e+01 2.281416416168212891e+00
9.500000000000000000e+01 2.348692893981933594e+00
9.600000000000000000e+01 2.319917917251586914e+00
9.700000000000000000e+01 2.198098897933959961e+00
9.800000000000000000e+01 2.297831296920776367e+00
9.900000000000000000e+01 2.286484241485595703e+00
