0.000000000000000000e+00 2.616928577423095703e+00
1.000000000000000000e+00 2.639626979827880859e+00
2.000000000000000000e+00 2.733550071716308594e+00
3.000000000000000000e+00 2.687517642974853516e+00
4.000000000000000000e+00 2.582041263580322266e+00
5.000000000000000000e+00 2.579282522201538086e+00
6.000000000000000000e+00 2.682637691497802734e+00
7.000000000000000000e+00 2.567646265029907227e+00
8.000000000000000000e+00 2.509895086288452148e+00
9.000000000000000000e+00 2.577234745025634766e+00
1.000000000000000000e+01 2.552896022796630859e+00
1.100000000000000000e+01 2.591296195983886719e+00
1.200000000000000000e+01 2.552592039108276367e+00
1.300000000000000000e+01 2.570384979248046875e+00
1.400000000000000000e+01 2.662178516387939453e+00
1.500000000000000000e+01 2.578925371170043945e+00
1.600000000000000000e+01 2.594744920730590820e+00
1.700000000000000000e+01 2.648630619049072266e+00
1.800000000000000000e+01 2.509704351425170898e+00
1.900000000000000000e+01 2.652512788772583008e+00
2.000000000000000000e+01 2.660394191741943359e+00
2.100000000000000000e+01 2.632808923721313477e+00
2.200000000000000000e+01 2.756515264511108398e+00
2.300000000000000000e+01 2.631732463836669922e+00
2.400000000000000000e+01 2.686450719833374023e+00
2.500000000000000000e+01 2.668525457382202148e+00
2.600000000000000000e+01 2.650744676589965820e+00
2.700000000000000000e+01 2.563670873641967773e+00
2.800000000000000000e+01 2.538657903671264648e+00
2.900000000000000000e+01 2.634888648986816406e+00
3.000000000000000000e+01 2.556702136993408203e+00
3.100000000000000000e+01 2.578561305999755859e+00
3.200000000000000000e+01 2.623264551162719727e+00
3.300000000000000000e+01 2.648527622222900391e+00
3.400000000000000000e+01 2.594121932983398438e+00
3.500000000000000000e+01 2.641791820526123047e+00
3.600000000000000000e+01 2.621141672134399414e+00
3.700000000000000000e+01 2.606778144836425781e+00
3.800000000000000000e+01 2.575435876846313477e+00
3.900000000000000000e+01 2.600433588027954102e+00
4.000000000000000000e+01 2.701239824295043945e+00
4.100000000000000000e+01 2.584438085556030273e+00
4.200000000000000000e+01 2.540014266967773438e+00
4.300000000000000000e+01 2.554428100585937500e+00
4.400000000000000000e+01 2.617690801620483398e+00
4.500000000000000000e+01 2.558306932449340820e+00
4.600000000000000000e+01 2.628041267395019531e+00
4.700000000000000000e+01 2.591227769851684570e+00
4.800000000000000000e+01 2.679039478302001953e+00
4.900000000000000000e+01 2.501508235931396484e+00
5.000000000000000000e+01 2.559116125106811523e+00
5.100000000000000000e+01 2.629801034927368164e+00
5.200000000000000000e+01 2.627185106277465820e+00
5.300000000000000000e+01 2.525560140609741211e+00
5.400000000000000000e+01 2.594380378723144531e+00
5.500000000000000000e+01 2.595773220062255859e+00
5.600000000000000000e+01 2.503543615341186523e+00
5.700000000000000000e+01 2.604408502578735352e+00
5.800000000000000000e+01 2.525329828262329102e+00
5.900000000000000000e+01 2.533658027648925781e+00
6.000000000000000000e+01 2.602216482162475586e+00
6.100000000000000000e+01 2.555589675903320312e+00
6.200000000000000000e+01 2.670573472976684570e+00
6.300000000000000000e+01 2.623841285705566406e+00
6.400000000000000000e+01 2.615137338638305664e+00
6.500000000000000000e+01 2.593713045120239258e+00
6.600000000000000000e+01 2.531671524047851562e+00
6.700000000000000000e+01 2.672184228897094727e+00
6.800000000000000000e+01 2.529778957366943359e+00
6.900000000000000000e+01 2.583174228668212891e+00
7.000000000000000000e+01 2.577331542968750000e+00
7.100000000000000000e+01 2.586769580841064453e+00
7.200000000000000000e+01 2.566816091537475586e+00
7.300000000000000000e+01 2.593702554702758789e+00
7.400000000000000000e+01 2.544642686843872070e+00
7.500000000000000000e+01 2.572916030883789062e+00
7.600000000000000000e+01 2.550150156021118164e+00
7.700000000000000000e+01 2.582320928573608398e+00
7.800000000000000000e+01 2.576373338699340820e+00
7.900000000000000000e+01 2.587594985961914062e+00
8.000000000000000000e+01 2.615583658218383789e+00
8.100000000000000000e+01 2.583291053771972656e+00
8.200000000000000000e+01 2.558977365493774414e+00
8.300000000000000000e+01 2.666108608245849609e+00
8.400000000000000000e+01 2.536232709884643555e+00
8.500000000000000000e+01 2.593801021575927734e+00
8.600000000000000000e+01 2.650738954544067383e+00
8.700000000000000000e+01 2.653279542922973633e+00
8.800000000000000000e+01 2.635692358016967773e+00
8.900000000000000000e+01 2.720174074172973633e+00
9.000000000000000000e+01 2.599307298660278320e+00
9.100000000000000000e+01 2.643032073974609375e+00
9.200000000000000000e+01 2.718253850936889648e+00
9.300000000000000000e+01 2.551537275314331055e+00
9.400000000000000000e+01 2.604973554611206055e+00
9.500000000000000000e+01 2.601099014282226562e+00
9.600000000000000000e+01 2.473885297775268555e+00
9.700000000000000000e+01 2.581768512725830078e+00
9.800000000000000000e+01 2.596028327941894531e+00
9.900000000000000000e+01 2.563281297683715820e+00
