0.000000000000000000e+00 1.451460242271423340e+00
1.000000000000000000e+00 1.416073322296142578e+00
2.000000000000000000e+00 1.468469977378845215e+00
3.000000000000000000e+00 1.398002743721008301e+00
4.000000000000000000e+00 1.468666195869445801e+00
5.000000000000000000e+00 1.445155501365661621e+00
6.000000000000000000e+00 1.468700051307678223e+00
7.000000000000000000e+00 1.450615525245666504e+00
8.000000000000000000e+00 1.498369812965393066e+00
9.000000000000000000e+00 1.466678142547607422e+00
1.000000000000000000e+01 1.446165204048156738e+00
1.100000000000000000e+01 1.474627375602722168e+00
1.200000000000000000e+01 1.465232849121093750e+00
1.300000000000000000e+01 1.447208881378173828e+00
1.400000000000000000e+01 1.457679390907287598e+00
1.500000000000000000e+01 1.449611186981201172e+00
1.600000000000000000e+01 1.411384820938110352e+00
1.700000000000000000e+01 1.417798399925231934e+00
1.800000000000000000e+01 1.412857532501220703e+00
1.900000000000000000e+01 1.395190715789794922e+00
2.000000000000000000e+01 1.422606587409973145e+00
2.100000000000000000e+01 1.444030761718750000e+00
2.200000000000000000e+01 1.465392470359802246e+00
2.300000000000000000e+01 1.451920390129089355e+00
2.400000000000000000e+01 1.426872730255126953e+00
2.500000000000000000e+01 1.422555327415466309e+00
2.600000000000000000e+01 1.421566605567932129e+00
2.700000000000000000e+01 1.419705390930175781e+00
2.800000000000000000e+01 1.491297483444213867e+00
2.900000000000000000e+01 1.419781208038330078e+00
3.000000000000000000e+01 1.456332445144653320e+00
3.100000000000000000e+01 1.449504613876342773e+00
3.200000000000000000e+01 1.391584634780883789e+00
3.300000000000000000e+01 1.400383353233337402e+00
3.400000000000000000e+01 1.498577833175659180e+00
3.500000000000000000e+01 1.435317873954772949e+00
3.600000000000000000e+01 1.435225367546081543e+00
3.700000000000000000e+01 1.472953915596008301e+00
3.800000000000000000e+01 1.402177929878234863e+00
3.900000000000000000e+01 1.436384320259094238e+00
4.000000000000000000e+01 1.443001389503479004e+00
4.100000000000000000e+01 1.418319225311279297e+00
4.200000000000000000e+01 1.396138429641723633e+00
4.300000000000000000e+01 1.437630295753479004e+00
4.400000000000000000e+01 1.429776668548583984e+00
4.500000000000000000e+01 1.399247765541076660e+00
4.600000000000000000e+01 1.418974876403808594e+00
4.700000000000000000e+01 1.398493528366088867e+00
4.800000000000000000e+01 1.445548415184020996e+00
4.900000000000000000e+01 1.442502021789550781e+00
5.000000000000000000e+01 1.472235202789306641e+00
5.100000000000000000e+01 1.419199705123901367e+00
5.200000000000000000e+01 1.428760409355163574e+00
5.300000000000000000e+01 1.483272075653076172e+00
5.400000000000000000e+01 1.454725623130798340e+00
5.500000000000000000e+01 1.473492383956909180e+00
5.600000000000000000e+01 1.433393836021423340e+00
5.700000000000000000e+01 1.406909227371215820e+00
5.800000000000000000e+01 1.418434858322143555e+00
5.900000000000000000e+01 1.463358759880065918e+00
6.000000000000000000e+01 1.457126617431640625e+00
6.100000000000000000e+01 1.412277579307556152e+00
6.200000000000000000e+01 1.478213667869567871e+00
6.300000000000000000e+01 1.396340012550354004e+00
6.400000000000000000e+01 1.451160073280334473e+00
6.500000000000000000e+01 1.423584580421447754e+00
6.600000000000000000e+01 1.477629423141479492e+00
6.700000000000000000e+01 1.454417943954467773e+00
6.800000000000000000e+01 1.418707251548767090e+00
6.900000000000000000e+01 1.403669953346252441e+00
7.000000000000000000e+01 1.421040415763854980e+00
7.100000000000000000e+01 1.496312499046325684e+00
7.200000000000000000e+01 1.415749788284301758e+00
7.300000000000000000e+01 1.402048707008361816e+00
7.400000000000000000e+01 1.478561282157897949e+00
7.500000000000000000e+01 1.410452365875244141e+00
7.600000000000000000e+01 1.414849162101745605e+00
7.700000000000000000e+01 1.436654329299926758e+00
7.800000000000000000e+01 1.434210658073425293e+00
7.900000000000000000e+01 1.482858180999755859e+00
8.000000000000000000e+01 1.441840648651123047e+00
8.100000000000000000e+01 1.407809734344482422e+00
8.200000000000000000e+01 1.482622027397155762e+00
8.300000000000000000e+01 1.439298033714294434e+00
8.400000000000000000e+01 1.439392209053039551e+00
8.500000000000000000e+01 1.423648476600646973e+00
8.600000000000000000e+01 1.487108707427978516e+00
8.700000000000000000e+01 1.456032395362854004e+00
8.800000000000000000e+01 1.409520387649536133e+00
8.900000000000000000e+01 1.416602611541748047e+00
9.000000000000000000e+01 1.439997434616088867e+00
9.100000000000000000e+01 1.473666310310363770e+00
9.200000000000000000e+01 1.461146354675292969e+00
9.300000000000000000e+01 1.408336639404296875e+00
9.400000000000000000e+01 1.446872711181640625e+00
9.500000000000000000e+01 1.431939244270324707e+00
9.600000000000000000e+01 1.445838689804077148e+00
9.700000000000000000e+01 1.456041097640991211e+00
9.800000000000000000e+01 1.475468516349792480e+00
9.900000000000000000e+01 1.349598288536071777e+00
