0.000000000000000000e+00 2.958554267883300781e+00
1.000000000000000000e+00 2.943210363388061523e+00
2.000000000000000000e+00 2.928675174713134766e+00
3.000000000000000000e+00 2.875633716583251953e+00
4.000000000000000000e+00 2.947119951248168945e+00
5.000000000000000000e+00 2.804564476013183594e+00
6.000000000000000000e+00 3.040612220764160156e+00
7.000000000000000000e+00 2.956971168518066406e+00
8.000000000000000000e+00 2.889624834060668945e+00
9.000000000000000000e+00 2.926852226257324219e+00
1.000000000000000000e+01 2.899786949157714844e+00
1.100000000000000000e+01 2.975196599960327148e+00
1.200000000000000000e+01 2.878149032592773438e+00
1.300000000000000000e+01 2.794866323471069336e+00
1.400000000000000000e+01 2.935005903244018555e+00
1.500000000000000000e+01 2.911883831024169922e+00
1.600000000000000000e+01 2.945550203323364258e+00
1.700000000000000000e+01 2.927486181259155273e+00
1.800000000000000000e+01 2.940509080886840820e+00
1.900000000000000000e+01 3.006079435348510742e+00
2.000000000000000000e+01 2.874176979064941406e+00
2.100000000000000000e+01 2.803622007369995117e+00
2.200000000000000000e+01 2.903202533721923828e+00
2.300000000000000000e+01 2.974797725677490234e+00
2.400000000000000000e+01 2.950658321380615234e+00
2.500000000000000000e+01 2.917368650436401367e+00
2.600000000000000000e+01 2.849007606506347656e+00
2.700000000000000000e+01 2.810654163360595703e+00
2.800000000000000000e+01 2.842403173446655273e+00
2.900000000000000000e+01 2.843670129776000977e+00
3.000000000000000000e+01 2.927753210067749023e+00
3.100000000000000000e+01 2.998348474502563477e+00
3.200000000000000000e+01 2.875076532363891602e+00
3.300000000000000000e+01 2.900282859802246094e+00
3.400000000000000000e+01 2.953636884689331055e+00
3.500000000000000000e+01 3.011699914932250977e+00
3.600000000000000000e+01 2.891354799270629883e+00
3.700000000000000000e+01 2.903341054916381836e+00
3.800000000000000000e+01 2.957209825515747070e+00
3.900000000000000000e+01 2.863342761993408203e+00
4.000000000000000000e+01 2.888794422149658203e+00
4.100000000000000000e+01 2.991584777832031250e+00
4.200000000000000000e+01 2.854807853698730469e+00
4.300000000000000000e+01 2.847654342651367188e+00
4.400000000000000000e+01 2.954061985015869141e+00
4.500000000000000000e+01 2.834533452987670898e+00
4.600000000000000000e+01 2.928171634674072266e+00
4.700000000000000000e+01 2.949445486068725586e+00
4.800000000000000000e+01 2.985240936279296875e+00
4.900000000000000000e+01 2.934471845626831055e+00
5.000000000000000000e+01 2.906101703643798828e+00
5.100000000000000000e+01 2.936374425888061523e+00
5.200000000000000000e+01 2.915200233459472656e+00
5.300000000000000000e+01 2.890994071960449219e+00
5.400000000000000000e+01 2.908155679702758789e+00
5.500000000000000000e+01 2.970290184020996094e+00
5.600000000000000000e+01 2.948477268218994141e+00
5.700000000000000000e+01 2.883529663085937500e+00
5.800000000000000000e+01 2.897800445556640625e+00
5.900000000000000000e+01 2.809629201889038086e+00
6.000000000000000000e+01 2.911762237548828125e+00
6.100000000000000000e+01 2.791410684585571289e+00
6.200000000000000000e+01 2.855603933334350586e+00
6.300000000000000000e+01 2.962799310684204102e+00
6.400000000000000000e+01 2.987119674682617188e+00
6.500000000000000000e+01 2.939033508300781250e+00
6.600000000000000000e+01 2.897028684616088867e+00
6.700000000000000000e+01 2.996240615844726562e+00
6.800000000000000000e+01 2.953890800476074219e+00
6.900000000000000000e+01 2.955208301544189453e+00
7.000000000000000000e+01 2.900377273559570312e+00
7.100000000000000000e+01 2.880228757858276367e+00
7.200000000000000000e+01 2.925497531890869141e+00
7.300000000000000000e+01 3.055691719055175781e+00
7.400000000000000000e+01 2.974887371063232422e+00
7.500000000000000000e+01 2.940561056137084961e+00
7.600000000000000000e+01 2.966560602188110352e+00
7.700000000000000000e+01 2.972080707550048828e+00
7.800000000000000000e+01 2.887937784194946289e+00
7.900000000000000000e+01 2.856897830963134766e+00
8.000000000000000000e+01 2.928101062774658203e+00
8.100000000000000000e+01 2.966295719146728516e+00
8.200000000000000000e+01 2.954085826873779297e+00
8.300000000000000000e+01 2.924088954925537109e+00
8.400000000000000000e+01 3.023648500442504883e+00
8.500000000000000000e+01 2.839517116546630859e+00
8.600000000000000000e+01 2.954873561859130859e+00
8.700000000000000000e+01 2.827099561691284180e+00
8.800000000000000000e+01 2.953279256820678711e+00
8.900000000000000000e+01 2.898693084716796875e+00
9.000000000000000000e+01 2.936269760131835938e+00
9.100000000000000000e+01 2.917115211486816406e+00
9.200000000000000000e+01 2.913197517395019531e+00
9.300000000000000000e+01 2.953255653381347656e+00
9.400000000000000000e+01 2.920387029647827148e+00
9.500000000000000000e+01 2.954568624496459961e+00
9.600000000000000000e+01 2.929534435272216797e+00
9.700000000000000000e+01 2.985837936401367188e+00
9.800000000000000000e+01 2.854431867599487305e+00
9.900000000000000000e+01 2.934782028198242188e+00
