0.000000000000000000e+00 2.958717107772827148e+00
1.000000000000000000e+00 3.024657249450683594e+00
2.000000000000000000e+00 3.004265546798706055e+00
3.000000000000000000e+00 2.997267723083496094e+00
4.000000000000000000e+00 3.000341176986694336e+00
5.000000000000000000e+00 2.965052604675292969e+00
6.000000000000000000e+00 3.015383005142211914e+00
7.000000000000000000e+00 3.019211530685424805e+00
8.000000000000000000e+00 3.071799278259277344e+00
9.000000000000000000e+00 3.065213918685913086e+00
1.000000000000000000e+01 2.958258628845214844e+00
1.100000000000000000e+01 3.010182380676269531e+00
1.200000000000000000e+01 3.050244331359863281e+00
1.300000000000000000e+01 3.049684047698974609e+00
1.400000000000000000e+01 2.931901693344116211e+00
1.500000000000000000e+01 2.994961738586425781e+00
1.600000000000000000e+01 2.999873161315917969e+00
1.700000000000000000e+01 3.103995800018310547e+00
1.800000000000000000e+01 3.038646936416625977e+00
1.900000000000000000e+01 3.019231796264648438e+00
2.000000000000000000e+01 2.956916332244873047e+00
2.100000000000000000e+01 3.012827634811401367e+00
2.200000000000000000e+01 2.903128862380981445e+00
2.300000000000000000e+01 3.009012699127197266e+00
2.400000000000000000e+01 2.930942535400390625e+00
2.500000000000000000e+01 3.056870222091674805e+00
2.600000000000000000e+01 2.943595170974731445e+00
2.700000000000000000e+01 3.037070035934448242e+00
2.800000000000000000e+01 3.036271333694458008e+00
2.900000000000000000e+01 3.036479949951171875e+00
3.000000000000000000e+01 2.946273088455200195e+00
3.100000000000000000e+01 3.046089887619018555e+00
3.200000000000000000e+01 3.028112411499023438e+00
3.300000000000000000e+01 3.042940855026245117e+00
3.400000000000000000e+01 3.013207912445068359e+00
3.500000000000000000e+01 2.961004018783569336e+00
3.600000000000000000e+01 3.015752077102661133e+00
3.700000000000000000e+01 2.986879587173461914e+00
3.800000000000000000e+01 2.962363243103027344e+00
3.900000000000000000e+01 2.917192220687866211e+00
4.000000000000000000e+01 2.989466190338134766e+00
4.100000000000000000e+01 3.028221368789672852e+00
4.200000000000000000e+01 2.944203615188598633e+00
4.300000000000000000e+01 2.997849464416503906e+00
4.400000000000000000e+01 2.913038253784179688e+00
4.500000000000000000e+01 2.961997509002685547e+00
4.600000000000000000e+01 3.029382944107055664e+00
4.700000000000000000e+01 3.132329702377319336e+00
4.800000000000000000e+01 3.104832649230957031e+00
4.900000000000000000e+01 3.004813671112060547e+00
5.000000000000000000e+01 2.981971502304077148e+00
5.100000000000000000e+01 2.999413490295410156e+00
5.200000000000000000e+01 2.902698755264282227e+00
5.300000000000000000e+01 3.057656288146972656e+00
5.400000000000000000e+01 2.947644472122192383e+00
5.500000000000000000e+01 2.997538328170776367e+00
5.600000000000000000e+01 3.021006345748901367e+00
5.700000000000000000e+01 2.915975570678710938e+00
5.800000000000000000e+01 3.016668558120727539e+00
5.900000000000000000e+01 2.978658676147460938e+00
6.000000000000000000e+01 2.993829250335693359e+00
6.100000000000000000e+01 3.023881196975708008e+00
6.200000000000000000e+01 3.045654535293579102e+00
6.300000000000000000e+01 3.051096439361572266e+00
6.400000000000000000e+01 2.935230970382690430e+00
6.500000000000000000e+01 2.969751834869384766e+00
6.600000000000000000e+01 2.988900661468505859e+00
6.700000000000000000e+01 2.958393096923828125e+00
6.800000000000000000e+01 2.968497037887573242e+00
6.900000000000000000e+01 2.958631992340087891e+00
7.000000000000000000e+01 2.958407163619995117e+00
7.100000000000000000e+01 2.956952095031738281e+00
7.200000000000000000e+01 3.052234411239624023e+00
7.300000000000000000e+01 3.028810977935791016e+00
7.400000000000000000e+01 3.021786451339721680e+00
7.500000000000000000e+01 3.073984384536743164e+00
7.600000000000000000e+01 2.972007274627685547e+00
7.700000000000000000e+01 3.029834508895874023e+00
7.800000000000000000e+01 3.057978630065917969e+00
7.900000000000000000e+01 2.969855308532714844e+00
8.000000000000000000e+01 3.005875825881958008e+00
8.100000000000000000e+01 3.001056909561157227e+00
8.200000000000000000e+01 2.992867946624755859e+00
8.300000000000000000e+01 3.028149843215942383e+00
8.400000000000000000e+01 2.982807397842407227e+00
8.500000000000000000e+01 2.969192266464233398e+00
8.600000000000000000e+01 3.007044792175292969e+00
8.700000000000000000e+01 2.946163892745971680e+00
8.800000000000000000e+01 2.982282876968383789e+00
8.900000000000000000e+01 3.046147108078002930e+00
9.000000000000000000e+01 3.055869340896606445e+00
9.100000000000000000e+01 3.054646968841552734e+00
9.200000000000000000e+01 3.021027088165283203e+00
9.300000000000000000e+01 3.034991502761840820e+00
9.400000000000000000e+01 3.034533023834228516e+00
9.500000000000000000e+01 2.987354040145874023e+00
9.600000000000000000e+01 2.999242305755615234e+00
9.700000000000000000e+01 2.967281818389892578e+00
9.800000000000000000e+01 2.961054325103759766e+00
9.900000000000000000e+01 2.986816644668579102e+00
