0.000000000000000000e+00 3.188543796539306641e+00
1.000000000000000000e+00 3.166575908660888672e+00
2.000000000000000000e+00 3.110251903533935547e+00
3.000000000000000000e+00 3.162500381469726562e+00
4.000000000000000000e+00 3.226811408996582031e+00
5.000000000000000000e+00 3.139828920364379883e+00
6.000000000000000000e+00 3.156143903732299805e+00
7.000000000000000000e+00 3.212556123733520508e+00
8.000000000000000000e+00 3.177596807479858398e+00
9.000000000000000000e+00 3.115260601043701172e+00
1.000000000000000000e+01 3.256932973861694336e+00
1.100000000000000000e+01 3.194654464721679688e+00
1.200000000000000000e+01 3.101778268814086914e+00
1.300000000000000000e+01 3.148448944091796875e+00
1.400000000000000000e+01 3.111172914505004883e+00
1.500000000000000000e+01 3.128918409347534180e+00
1.600000000000000000e+01 3.141632556915283203e+00
1.700000000000000000e+01 3.101809978485107422e+00
1.800000000000000000e+01 3.181457996368408203e+00
1.900000000000000000e+01 3.210712671279907227e+00
2.000000000000000000e+01 3.193178176879882812e+00
2.100000000000000000e+01 3.209310293197631836e+00
2.200000000000000000e+01 3.196175575256347656e+00
2.300000000000000000e+01 3.165827751159667969e+00
2.400000000000000000e+01 3.084159374237060547e+00
2.500000000000000000e+01 3.216481208801269531e+00
2.600000000000000000e+01 3.219857931137084961e+00
2.700000000000000000e+01 3.174593687057495117e+00
2.800000000000000000e+01 3.078868389129638672e+00
2.900000000000000000e+01 3.095273494720458984e+00
3.000000000000000000e+01 3.180861711502075195e+00
3.100000000000000000e+01 3.210092067718505859e+00
3.200000000000000000e+01 3.189533948898315430e+00
3.300000000000000000e+01 3.215963840484619141e+00
3.400000000000000000e+01 3.173841714859008789e+00
3.500000000000000000e+01 3.127275705337524414e+00
3.600000000000000000e+01 3.234721183776855469e+00
3.700000000000000000e+01 3.131655454635620117e+00
3.800000000000000000e+01 3.037724971771240234e+00
3.900000000000000000e+01 3.206244468688964844e+00
4.000000000000000000e+01 3.180218935012817383e+00
4.100000000000000000e+01 3.210161685943603516e+00
4.200000000000000000e+01 3.221054077148437500e+00
4.300000000000000000e+01 3.110421419143676758e+00
4.400000000000000000e+01 3.173209667205810547e+00
4.500000000000000000e+01 3.047704696655273438e+00
4.600000000000000000e+01 3.160722017288208008e+00
4.700000000000000000e+01 3.167403221130371094e+00
4.800000000000000000e+01 3.180125236511230469e+00
4.900000000000000000e+01 3.115562438964843750e+00
5.000000000000000000e+01 3.082335472106933594e+00
5.100000000000000000e+01 3.110673189163208008e+00
5.200000000000000000e+01 3.189936637878417969e+00
5.300000000000000000e+01 3.123397827148437500e+00
5.400000000000000000e+01 3.113992691040039062e+00
5.500000000000000000e+01 3.146577835083007812e+00
5.600000000000000000e+01 3.156361103057861328e+00
5.700000000000000000e+01 3.188178300857543945e+00
5.800000000000000000e+01 3.166030168533325195e+00
5.900000000000000000e+01 3.104748010635375977e+00
6.000000000000000000e+01 3.159955978393554688e+00
6.100000000000000000e+01 3.129604816436767578e+00
6.200000000000000000e+01 3.183804512023925781e+00
6.300000000000000000e+01 3.166015863418579102e+00
6.400000000000000000e+01 3.118374586105346680e+00
6.500000000000000000e+01 3.125959157943725586e+00
6.600000000000000000e+01 3.123197317123413086e+00
6.700000000000000000e+01 3.126880168914794922e+00
6.800000000000000000e+01 3.182725429534912109e+00
6.900000000000000000e+01 3.163787841796875000e+00
7.000000000000000000e+01 3.151882171630859375e+00
7.100000000000000000e+01 3.174212217330932617e+00
7.200000000000000000e+01 3.201186418533325195e+00
7.300000000000000000e+01 3.158371686935424805e+00
7.400000000000000000e+01 3.108698368072509766e+00
7.500000000000000000e+01 3.212397336959838867e+00
7.600000000000000000e+01 3.126434564590454102e+00
7.700000000000000000e+01 3.177792072296142578e+00
7.800000000000000000e+01 3.121620893478393555e+00
7.900000000000000000e+01 3.104158639907836914e+00
8.000000000000000000e+01 3.198581457138061523e+00
8.100000000000000000e+01 3.120778322219848633e+00
8.200000000000000000e+01 3.213665008544921875e+00
8.300000000000000000e+01 3.250589847564697266e+00
8.400000000000000000e+01 3.168318748474121094e+00
8.500000000000000000e+01 3.177870512008666992e+00
8.600000000000000000e+01 3.175773620605468750e+00
8.700000000000000000e+01 3.210841655731201172e+00
8.800000000000000000e+01 3.168783426284790039e+00
8.900000000000000000e+01 3.164195299148559570e+00
9.000000000000000000e+01 3.086431503295898438e+00
9.100000000000000000e+01 3.140947818756103516e+00
9.200000000000000000e+01 3.132643461227416992e+00
9.300000000000000000e+01 3.201970815658569336e+00
9.400000000000000000e+01 3.082716226577758789e+00
9.500000000000000000e+01 3.078407049179077148e+00
9.600000000000000000e+01 3.157220125198364258e+00
9.700000000000000000e+01 3.171511173248291016e+00
9.800000000000000000e+01 3.206928014755249023e+00
9.900000000000000000e+01 3.059709310531616211e+00
