0.000000000000000000e+00 3.246535778045654297e+00
1.000000000000000000e+00 3.198016405105590820e+00
2.000000000000000000e+00 3.191328048706054688e+00
3.000000000000000000e+00 3.158642530441284180e+00
4.000000000000000000e+00 3.227190732955932617e+00
5.000000000000000000e+00 3.196955204010009766e+00
6.000000000000000000e+00 3.247370719909667969e+00
7.000000000000000000e+00 3.222441434860229492e+00
8.000000000000000000e+00 3.215671777725219727e+00
9.000000000000000000e+00 3.149586915969848633e+00
1.000000000000000000e+01 3.248562574386596680e+00
1.100000000000000000e+01 3.192643404006958008e+00
1.200000000000000000e+01 3.230529069900512695e+00
1.300000000000000000e+01 3.228494644165039062e+00
1.400000000000000000e+01 3.173149824142456055e+00
1.500000000000000000e+01 3.158508062362670898e+00
1.600000000000000000e+01 3.160819053649902344e+00
1.700000000000000000e+01 3.215904712677001953e+00
1.800000000000000000e+01 3.170741319656372070e+00
1.900000000000000000e+01 3.200727701187133789e+00
2.000000000000000000e+01 3.235017776489257812e+00
2.100000000000000000e+01 3.216646432876586914e+00
2.200000000000000000e+01 3.196566343307495117e+00
2.300000000000000000e+01 3.199445009231567383e+00
2.400000000000000000e+01 3.235613584518432617e+00
2.500000000000000000e+01 3.198259115219116211e+00
2.600000000000000000e+01 3.266658544540405273e+00
2.700000000000000000e+01 3.239734888076782227e+00
2.800000000000000000e+01 3.216038465499877930e+00
2.900000000000000000e+01 3.179419755935668945e+00
3.000000000000000000e+01 3.211313009262084961e+00
3.100000000000000000e+01 3.216000556945800781e+00
3.200000000000000000e+01 3.255774021148681641e+00
3.300000000000000000e+01 3.219284534454345703e+00
3.400000000000000000e+01 3.241463899612426758e+00
3.500000000000000000e+01 3.142524719238281250e+00
3.600000000000000000e+01 3.206238269805908203e+00
3.700000000000000000e+01 3.247955322265625000e+00
3.800000000000000000e+01 3.253126144409179688e+00
3.900000000000000000e+01 3.157869815826416016e+00
4.000000000000000000e+01 3.224167346954345703e+00
4.100000000000000000e+01 3.175091743469238281e+00
4.200000000000000000e+01 3.236683368682861328e+00
4.300000000000000000e+01 3.206727981567382812e+00
4.400000000000000000e+01 3.210478305816650391e+00
4.500000000000000000e+01 3.237072706222534180e+00
4.600000000000000000e+01 3.231343746185302734e+00
4.700000000000000000e+01 3.178025722503662109e+00
4.800000000000000000e+01 3.255137443542480469e+00
4.900000000000000000e+01 3.150690793991088867e+00
5.000000000000000000e+01 3.202588081359863281e+00
5.100000000000000000e+01 3.231326580047607422e+00
5.200000000000000000e+01 3.219498872756958008e+00
5.300000000000000000e+01 3.235196590423583984e+00
5.400000000000000000e+01 3.162843465805053711e+00
5.500000000000000000e+01 3.281412124633789062e+00
5.600000000000000000e+01 3.174270868301391602e+00
5.700000000000000000e+01 3.200035333633422852e+00
5.800000000000000000e+01 3.274970531463623047e+00
5.900000000000000000e+01 3.196383237838745117e+00
6.000000000000000000e+01 3.203681230545043945e+00
6.100000000000000000e+01 3.243614912033081055e+00
6.200000000000000000e+01 3.261053800582885742e+00
6.300000000000000000e+01 3.232857227325439453e+00
6.400000000000000000e+01 3.192782402038574219e+00
6.500000000000000000e+01 3.180146694183349609e+00
6.600000000000000000e+01 3.268526315689086914e+00
6.700000000000000000e+01 3.227499246597290039e+00
6.800000000000000000e+01 3.245747327804565430e+00
6.900000000000000000e+01 3.262360572814941406e+00
7.000000000000000000e+01 3.225122928619384766e+00
7.100000000000000000e+01 3.242445230484008789e+00
7.200000000000000000e+01 3.159754514694213867e+00
7.300000000000000000e+01 3.228849172592163086e+00
7.400000000000000000e+01 3.237514972686767578e+00
7.500000000000000000e+01 3.249483585357666016e+00
7.600000000000000000e+01 3.174360752105712891e+00
7.700000000000000000e+01 3.215627908706665039e+00
7.800000000000000000e+01 3.174985170364379883e+00
7.900000000000000000e+01 3.183315992355346680e+00
8.000000000000000000e+01 3.175355195999145508e+00
8.100000000000000000e+01 3.150392770767211914e+00
8.200000000000000000e+01 3.266868591308593750e+00
8.300000000000000000e+01 3.169951915740966797e+00
8.400000000000000000e+01 3.218823671340942383e+00
8.500000000000000000e+01 3.238191366195678711e+00
8.600000000000000000e+01 3.188131809234619141e+00
8.700000000000000000e+01 3.235360383987426758e+00
8.800000000000000000e+01 3.259728193283081055e+00
8.900000000000000000e+01 3.218585968017578125e+00
9.000000000000000000e+01 3.174907684326171875e+00
9.100000000000000000e+01 3.239055633544921875e+00
9.200000000000000000e+01 3.180539608001708984e+00
9.300000000000000000e+01 3.208410739898681641e+00
9.400000000000000000e+01 3.234801292419433594e+00
9.500000000000000000e+01 3.209249019622802734e+00
9.600000000000000000e+01 3.199153661727905273e+00
9.700000000000000000e+01 3.263798236846923828e+00
9.800000000000000000e+01 3.245382785797119141e+00
9.900000000000000000e+01 3.241084814071655273e+00
