0.000000000000000000e+00 1.461778044700622559e+00
1.000000000000000000e+00 1.544360399246215820e+00
2.000000000000000000e+00 1.518990874290466309e+00
3.000000000000000000e+00 1.434016823768615723e+00
4.000000000000000000e+00 1.487578511238098145e+00
5.000000000000000000e+00 1.474319100379943848e+00
6.000000000000000000e+00 1.463341355323791504e+00
7.000000000000000000e+00 1.436645507812500000e+00
8.000000000000000000e+00 1.406313896179199219e+00
9.000000000000000000e+00 1.544841885566711426e+00
1.000000000000000000e+01 1.478628516197204590e+00
1.100000000000000000e+01 1.461536765098571777e+00
1.200000000000000000e+01 1.514925003051757812e+00
1.300000000000000000e+01 1.445808887481689453e+00
1.400000000000000000e+01 1.481157302856445312e+00
1.500000000000000000e+01 1.544022202491760254e+00
1.600000000000000000e+01 1.472311973571777344e+00
1.700000000000000000e+01 1.423964142799377441e+00
1.800000000000000000e+01 1.483440041542053223e+00
1.900000000000000000e+01 1.579843401908874512e+00
2.000000000000000000e+01 1.428557395935058594e+00
2.100000000000000000e+01 1.502067923545837402e+00
2.200000000000000000e+01 1.434932351112365723e+00
2.300000000000000000e+01 1.451463103294372559e+00
2.400000000000000000e+01 1.465330362319946289e+00
2.500000000000000000e+01 1.558376550674438477e+00
2.600000000000000000e+01 1.503310799598693848e+00
2.700000000000000000e+01 1.470891356468200684e+00
2.800000000000000000e+01 1.511063814163208008e+00
2.900000000000000000e+01 1.532266974449157715e+00
3.000000000000000000e+01 1.567365646362304688e+00
3.100000000000000000e+01 1.461516261100769043e+00
3.200000000000000000e+01 1.534489989280700684e+00
3.300000000000000000e+01 1.535045146942138672e+00
3.400000000000000000e+01 1.497606396675109863e+00
3.500000000000000000e+01 1.467349052429199219e+00
3.600000000000000000e+01 1.477474212646484375e+00
3.700000000000000000e+01 1.528542399406433105e+00
3.800000000000000000e+01 1.572725296020507812e+00
3.900000000000000000e+01 1.498024940490722656e+00
4.000000000000000000e+01 1.445148229598999023e+00
4.100000000000000000e+01 1.530026197433471680e+00
4.200000000000000000e+01 1.520170688629150391e+00
4.300000000000000000e+01 1.496196627616882324e+00
4.400000000000000000e+01 1.526311874389648438e+00
4.500000000000000000e+01 1.553856372833251953e+00
4.600000000000000000e+01 1.555323004722595215e+00
4.700000000000000000e+01 1.480856060981750488e+00
4.800000000000000000e+01 1.479790687561035156e+00
4.900000000000000000e+01 1.464689850807189941e+00
5.000000000000000000e+01 1.493723511695861816e+00
5.100000000000000000e+01 1.414072155952453613e+00
5.200000000000000000e+01 1.488315939903259277e+00
5.300000000000000000e+01 1.456547737121582031e+00
5.400000000000000000e+01 1.463604569435119629e+00
5.500000000000000000e+01 1.565955519676208496e+00
5.600000000000000000e+01 1.466688752174377441e+00
5.700000000000000000e+01 1.471162915229797363e+00
5.800000000000000000e+01 1.436437845230102539e+00
5.900000000000000000e+01 1.490794658660888672e+00
6.000000000000000000e+01 1.510879039764404297e+00
6.100000000000000000e+01 1.471865892410278320e+00
6.200000000000000000e+01 1.488577842712402344e+00
6.300000000000000000e+01 1.466499328613281250e+00
6.400000000000000000e+01 1.481572389602661133e+00
6.500000000000000000e+01 1.433146595954895020e+00
6.600000000000000000e+01 1.438603162765502930e+00
6.700000000000000000e+01 1.486521840095520020e+00
6.800000000000000000e+01 1.454398274421691895e+00
6.900000000000000000e+01 1.486821174621582031e+00
7.000000000000000000e+01 1.478168368339538574e+00
7.100000000000000000e+01 1.542355060577392578e+00
7.200000000000000000e+01 1.482580423355102539e+00
7.300000000000000000e+01 1.525583386421203613e+00
7.400000000000000000e+01 1.541940331459045410e+00
7.500000000000000000e+01 1.474113225936889648e+00
7.600000000000000000e+01 1.492040634155273438e+00
7.700000000000000000e+01 1.510468363761901855e+00
7.800000000000000000e+01 1.466483831405639648e+00
7.900000000000000000e+01 1.524805784225463867e+00
8.000000000000000000e+01 1.458661437034606934e+00
8.100000000000000000e+01 1.443923950195312500e+00
8.200000000000000000e+01 1.450860857963562012e+00
8.300000000000000000e+01 1.455015420913696289e+00
8.400000000000000000e+01 1.440729498863220215e+00
8.500000000000000000e+01 1.512104511260986328e+00
8.600000000000000000e+01 1.478173851966857910e+00
8.700000000000000000e+01 1.543432116508483887e+00
8.800000000000000000e+01 1.461392045021057129e+00
8.900000000000000000e+01 1.545935630798339844e+00
9.000000000000000000e+01 1.476897478103637695e+00
9.100000000000000000e+01 1.542211294174194336e+00
9.200000000000000000e+01 1.507237553596496582e+00
9.300000000000000000e+01 1.457017302513122559e+00
9.400000000000000000e+01 1.408724546432495117e+00
9.500000000000000000e+01 1.463971138000488281e+00
9.600000000000000000e+01 1.473249912261962891e+00
9.700000000000000000e+01 1.438860297203063965e+00
9.800000000000000000e+01 1.423543572425842285e+00
9.900000000000000000e+01 1.526381850242614746e+00
