0.000000000000000000e+00 3.117587327957153320e+00
1.000000000000000000e+00 3.108273744583129883e+00
2.000000000000000000e+00 3.058352231979370117e+00
3.000000000000000000e+00 3.081826210021972656e+00
4.000000000000000000e+00 3.066161870956420898e+00
5.000000000000000000e+00 3.038973569869995117e+00
6.000000000000000000e+00 3.045578241348266602e+00
7.000000000000000000e+00 3.032539367675781250e+00
8.000000000000000000e+00 3.121763229370117188e+00
9.000000000000000000e+00 3.110177993774414062e+00
1.000000000000000000e+01 3.086971282958984375e+00
1.100000000000000000e+01 3.139840602874755859e+00
1.200000000000000000e+01 3.025959491729736328e+00
1.300000000000000000e+01 3.034039497375488281e+00
1.400000000000000000e+01 3.109163045883178711e+00
1.500000000000000000e+01 3.180637359619140625e+00
1.600000000000000000e+01 3.112674236297607422e+00
1.700000000000000000e+01 3.067500352859497070e+00
1.800000000000000000e+01 3.091606616973876953e+00
1.900000000000000000e+01 3.081104993820190430e+00
2.000000000000000000e+01 3.020043849945068359e+00
2.100000000000000000e+01 3.085257768630981445e+00
2.200000000000000000e+01 3.120722055435180664e+00
2.300000000000000000e+01 3.152630090713500977e+00
2.400000000000000000e+01 3.049342870712280273e+00
2.500000000000000000e+01 3.177505493164062500e+00
2.600000000000000000e+01 3.155866146087646484e+00
2.700000000000000000e+01 3.055264711380004883e+00
2.800000000000000000e+01 3.088190793991088867e+00
2.900000000000000000e+01 3.060477256774902344e+00
3.000000000000000000e+01 3.096038818359375000e+00
3.100000000000000000e+01 3.099412202835083008e+00
3.200000000000000000e+01 3.070829868316650391e+00
3.300000000000000000e+01 3.017884969711303711e+00
3.400000000000000000e+01 3.159770488739013672e+00
3.500000000000000000e+01 3.135562181472778320e+00
3.600000000000000000e+01 3.156364917755126953e+00
3.700000000000000000e+01 2.939958333969116211e+00
3.800000000000000000e+01 3.102504014968872070e+00
3.900000000000000000e+01 3.052494049072265625e+00
4.000000000000000000e+01 3.038170337677001953e+00
4.100000000000000000e+01 3.074988365173339844e+00
4.200000000000000000e+01 3.040598630905151367e+00
4.300000000000000000e+01 3.115817308425903320e+00
4.400000000000000000e+01 2.986182212829589844e+00
4.500000000000000000e+01 3.099296569824218750e+00
4.600000000000000000e+01 3.063485860824584961e+00
4.700000000000000000e+01 3.017878770828247070e+00
4.800000000000000000e+01 3.018692016601562500e+00
4.900000000000000000e+01 3.060537815093994141e+00
5.000000000000000000e+01 3.059148311614990234e+00
5.100000000000000000e+01 3.037576675415039062e+00
5.200000000000000000e+01 3.012727499008178711e+00
5.300000000000000000e+01 3.046636819839477539e+00
5.400000000000000000e+01 2.952422142028808594e+00
5.500000000000000000e+01 3.117504596710205078e+00
5.600000000000000000e+01 3.159517049789428711e+00
5.700000000000000000e+01 3.091771841049194336e+00
5.800000000000000000e+01 3.055799245834350586e+00
5.900000000000000000e+01 3.188504934310913086e+00
6.000000000000000000e+01 3.113313913345336914e+00
6.100000000000000000e+01 3.162445306777954102e+00
6.200000000000000000e+01 3.083080291748046875e+00
6.300000000000000000e+01 3.118410348892211914e+00
6.400000000000000000e+01 3.009623289108276367e+00
6.500000000000000000e+01 3.089060306549072266e+00
6.600000000000000000e+01 3.037169456481933594e+00
6.700000000000000000e+01 3.050626754760742188e+00
6.800000000000000000e+01 3.080898284912109375e+00
6.900000000000000000e+01 3.040284156799316406e+00
7.000000000000000000e+01 3.099417924880981445e+00
7.100000000000000000e+01 3.144221544265747070e+00
7.200000000000000000e+01 3.057975769042968750e+00
7.300000000000000000e+01 3.161633014678955078e+00
7.400000000000000000e+01 3.065750360488891602e+00
7.500000000000000000e+01 2.987635135650634766e+00
7.600000000000000000e+01 3.061224699020385742e+00
7.700000000000000000e+01 3.090299606323242188e+00
7.800000000000000000e+01 3.036595821380615234e+00
7.900000000000000000e+01 3.088857650756835938e+00
8.000000000000000000e+01 3.073006391525268555e+00
8.100000000000000000e+01 3.010780096054077148e+00
8.200000000000000000e+01 3.028783082962036133e+00
8.300000000000000000e+01 3.117431163787841797e+00
8.400000000000000000e+01 3.113178014755249023e+00
8.500000000000000000e+01 3.082683086395263672e+00
8.600000000000000000e+01 3.078574895858764648e+00
8.700000000000000000e+01 3.083292245864868164e+00
8.800000000000000000e+01 3.074860334396362305e+00
8.900000000000000000e+01 3.154160022735595703e+00
9.000000000000000000e+01 3.123562812805175781e+00
9.100000000000000000e+01 3.101905822753906250e+00
9.200000000000000000e+01 3.074982643127441406e+00
9.300000000000000000e+01 2.996365547180175781e+00
9.400000000000000000e+01 3.127311468124389648e+00
9.500000000000000000e+01 3.092242002487182617e+00
9.600000000000000000e+01 3.142224550247192383e+00
9.700000000000000000e+01 3.082117080688476562e+00
9.800000000000000000e+01 3.076906204223632812e+00
9.900000000000000000e+01 3.064963102340698242e+00
