0.000000000000000000e+00 1.522670269012451172e+00
1.000000000000000000e+00 1.547802090644836426e+00
2.000000000000000000e+00 1.508886933326721191e+00
3.000000000000000000e+00 1.531084299087524414e+00
4.000000000000000000e+00 1.587519407272338867e+00
5.000000000000000000e+00 1.516274333000183105e+00
6.000000000000000000e+00 1.583589553833007812e+00
7.000000000000000000e+00 1.466898679733276367e+00
8.000000000000000000e+00 1.525744199752807617e+00
9.000000000000000000e+00 1.575331449508666992e+00
1.000000000000000000e+01 1.450939416885375977e+00
1.100000000000000000e+01 1.476564645767211914e+00
1.200000000000000000e+01 1.516874909400939941e+00
1.300000000000000000e+01 1.526095271110534668e+00
1.400000000000000000e+01 1.458832025527954102e+00
1.500000000000000000e+01 1.502268791198730469e+00
1.600000000000000000e+01 1.590768218040466309e+00
1.700000000000000000e+01 1.550122499465942383e+00
1.800000000000000000e+01 1.451455593109130859e+00
1.900000000000000000e+01 1.465710878372192383e+00
2.000000000000000000e+01 1.532760262489318848e+00
2.100000000000000000e+01 1.504072785377502441e+00
2.200000000000000000e+01 1.513296842575073242e+00
2.300000000000000000e+01 1.598232865333557129e+00
2.400000000000000000e+01 1.551426291465759277e+00
2.500000000000000000e+01 1.533191800117492676e+00
2.600000000000000000e+01 1.503940224647521973e+00
2.700000000000000000e+01 1.590314388275146484e+00
2.800000000000000000e+01 1.565212130546569824e+00
2.900000000000000000e+01 1.583413839340209961e+00
3.000000000000000000e+01 1.594235658645629883e+00
3.100000000000000000e+01 1.499686121940612793e+00
3.200000000000000000e+01 1.516552448272705078e+00
3.300000000000000000e+01 1.548255205154418945e+00
3.400000000000000000e+01 1.490940332412719727e+00
3.500000000000000000e+01 1.599621772766113281e+00
3.600000000000000000e+01 1.568068742752075195e+00
3.700000000000000000e+01 1.541898965835571289e+00
3.800000000000000000e+01 1.605996251106262207e+00
3.900000000000000000e+01 1.516330122947692871e+00
4.000000000000000000e+01 1.508897066116333008e+00
4.100000000000000000e+01 1.518094420433044434e+00
4.200000000000000000e+01 1.494838714599609375e+00
4.300000000000000000e+01 1.571174144744873047e+00
4.400000000000000000e+01 1.434860825538635254e+00
4.500000000000000000e+01 1.581735253334045410e+00
4.600000000000000000e+01 1.540592908859252930e+00
4.700000000000000000e+01 1.513295292854309082e+00
4.800000000000000000e+01 1.520129680633544922e+00
4.900000000000000000e+01 1.577461600303649902e+00
5.000000000000000000e+01 1.526777625083923340e+00
5.100000000000000000e+01 1.577536106109619141e+00
5.200000000000000000e+01 1.502951741218566895e+00
5.300000000000000000e+01 1.540617227554321289e+00
5.400000000000000000e+01 1.560423612594604492e+00
5.500000000000000000e+01 1.612797737121582031e+00
5.600000000000000000e+01 1.554924130439758301e+00
5.700000000000000000e+01 1.523809671401977539e+00
5.800000000000000000e+01 1.513540983200073242e+00
5.900000000000000000e+01 1.527091503143310547e+00
6.000000000000000000e+01 1.576307058334350586e+00
6.100000000000000000e+01 1.511187195777893066e+00
6.200000000000000000e+01 1.644843101501464844e+00
6.300000000000000000e+01 1.568721055984497070e+00
6.400000000000000000e+01 1.551641464233398438e+00
6.500000000000000000e+01 1.554671406745910645e+00
6.600000000000000000e+01 1.555525541305541992e+00
6.700000000000000000e+01 1.544593930244445801e+00
6.800000000000000000e+01 1.515801906585693359e+00
6.900000000000000000e+01 1.505348801612854004e+00
7.000000000000000000e+01 1.495934486389160156e+00
7.100000000000000000e+01 1.469012379646301270e+00
7.200000000000000000e+01 1.516185760498046875e+00
7.300000000000000000e+01 1.564016103744506836e+00
7.400000000000000000e+01 1.599426150321960449e+00
7.500000000000000000e+01 1.574566245079040527e+00
7.600000000000000000e+01 1.644616723060607910e+00
7.700000000000000000e+01 1.480896711349487305e+00
7.800000000000000000e+01 1.510089039802551270e+00
7.900000000000000000e+01 1.579975008964538574e+00
8.000000000000000000e+01 1.532789468765258789e+00
8.100000000000000000e+01 1.568478345870971680e+00
8.200000000000000000e+01 1.600931644439697266e+00
8.300000000000000000e+01 1.562044739723205566e+00
8.400000000000000000e+01 1.514381647109985352e+00
8.500000000000000000e+01 1.516405701637268066e+00
8.600000000000000000e+01 1.586588263511657715e+00
8.700000000000000000e+01 1.507147550582885742e+00
8.800000000000000000e+01 1.541523814201354980e+00
8.900000000000000000e+01 1.649860501289367676e+00
9.000000000000000000e+01 1.521337032318115234e+00
9.100000000000000000e+01 1.529551267623901367e+00
9.200000000000000000e+01 1.471085429191589355e+00
9.300000000000000000e+01 1.573472261428833008e+00
9.400000000000000000e+01 1.534426689147949219e+00
9.500000000000000000e+01 1.522805094718933105e+00
9.600000000000000000e+01 1.576558709144592285e+00
9.700000000000000000e+01 1.486227154731750488e+00
9.800000000000000000e+01 1.565315842628479004e+00
9.900000000000000000e+01 1.546374559402465820e+00
