0.000000000000000000e+00 1.642064213752746582e+00
1.000000000000000000e+00 1.615142464637756348e+00
2.000000000000000000e+00 1.574479103088378906e+00
3.000000000000000000e+00 1.604122161865234375e+00
4.000000000000000000e+00 1.610727787017822266e+00
5.000000000000000000e+00 1.600035429000854492e+00
6.000000000000000000e+00 1.702885866165161133e+00
7.000000000000000000e+00 1.578477144241333008e+00
8.000000000000000000e+00 1.594935774803161621e+00
9.000000000000000000e+00 1.747662901878356934e+00
1.000000000000000000e+01 1.649448275566101074e+00
1.100000000000000000e+01 1.555557727813720703e+00
1.200000000000000000e+01 1.636991620063781738e+00
1.300000000000000000e+01 1.585632920265197754e+00
1.400000000000000000e+01 1.601835250854492188e+00
1.500000000000000000e+01 1.657665491104125977e+00
1.600000000000000000e+01 1.591355443000793457e+00
1.700000000000000000e+01 1.648437380790710449e+00
1.800000000000000000e+01 1.673376560211181641e+00
1.900000000000000000e+01 1.679628849029541016e+00
2.000000000000000000e+01 1.734859108924865723e+00
2.100000000000000000e+01 1.677255153656005859e+00
2.200000000000000000e+01 1.544875621795654297e+00
2.300000000000000000e+01 1.638170719146728516e+00
2.400000000000000000e+01 1.694679260253906250e+00
2.500000000000000000e+01 1.767127394676208496e+00
2.600000000000000000e+01 1.709807157516479492e+00
2.700000000000000000e+01 1.708301663398742676e+00
2.800000000000000000e+01 1.653767585754394531e+00
2.900000000000000000e+01 1.536333680152893066e+00
3.000000000000000000e+01 1.671334743499755859e+00
3.100000000000000000e+01 1.506356716156005859e+00
3.200000000000000000e+01 1.592962265014648438e+00
3.300000000000000000e+01 1.594732284545898438e+00
3.400000000000000000e+01 1.583223342895507812e+00
3.500000000000000000e+01 1.521792650222778320e+00
3.600000000000000000e+01 1.608425617218017578e+00
3.700000000000000000e+01 1.623565077781677246e+00
3.800000000000000000e+01 1.556691288948059082e+00
3.900000000000000000e+01 1.569479703903198242e+00
4.000000000000000000e+01 1.547009348869323730e+00
4.100000000000000000e+01 1.543957948684692383e+00
4.200000000000000000e+01 1.577621698379516602e+00
4.300000000000000000e+01 1.653133749961853027e+00
4.400000000000000000e+01 1.591022968292236328e+00
4.500000000000000000e+01 1.652829051017761230e+00
4.600000000000000000e+01 1.606849551200866699e+00
4.700000000000000000e+01 1.591005444526672363e+00
4.800000000000000000e+01 1.642242908477783203e+00
4.900000000000000000e+01 1.654057502746582031e+00
5.000000000000000000e+01 1.784876108169555664e+00
5.100000000000000000e+01 1.617165565490722656e+00
5.200000000000000000e+01 1.660111188888549805e+00
5.300000000000000000e+01 1.574664950370788574e+00
5.400000000000000000e+01 1.572378993034362793e+00
5.500000000000000000e+01 1.657900094985961914e+00
5.600000000000000000e+01 1.589272975921630859e+00
5.700000000000000000e+01 1.617285490036010742e+00
5.800000000000000000e+01 1.566632509231567383e+00
5.900000000000000000e+01 1.597409486770629883e+00
6.000000000000000000e+01 1.658907413482666016e+00
6.100000000000000000e+01 1.617074251174926758e+00
6.200000000000000000e+01 1.632013797760009766e+00
6.300000000000000000e+01 1.601984143257141113e+00
6.400000000000000000e+01 1.615378856658935547e+00
6.500000000000000000e+01 1.688459277153015137e+00
6.600000000000000000e+01 1.588906288146972656e+00
6.700000000000000000e+01 1.625407695770263672e+00
6.800000000000000000e+01 1.584825277328491211e+00
6.900000000000000000e+01 1.538513183593750000e+00
7.000000000000000000e+01 1.626257419586181641e+00
7.100000000000000000e+01 1.585159897804260254e+00
7.200000000000000000e+01 1.637077450752258301e+00
7.300000000000000000e+01 1.659746170043945312e+00
7.400000000000000000e+01 1.632013678550720215e+00
7.500000000000000000e+01 1.627538084983825684e+00
7.600000000000000000e+01 1.732443928718566895e+00
7.700000000000000000e+01 1.610687255859375000e+00
7.800000000000000000e+01 1.673331260681152344e+00
7.900000000000000000e+01 1.675506472587585449e+00
8.000000000000000000e+01 1.563065409660339355e+00
8.100000000000000000e+01 1.705681800842285156e+00
8.200000000000000000e+01 1.686788678169250488e+00
8.300000000000000000e+01 1.523222804069519043e+00
8.400000000000000000e+01 1.671369552612304688e+00
8.500000000000000000e+01 1.572424173355102539e+00
8.600000000000000000e+01 1.568928241729736328e+00
8.700000000000000000e+01 1.657991170883178711e+00
8.800000000000000000e+01 1.570953011512756348e+00
8.900000000000000000e+01 1.560369729995727539e+00
9.000000000000000000e+01 1.636393666267395020e+00
9.100000000000000000e+01 1.572334051132202148e+00
9.200000000000000000e+01 1.622946500778198242e+00
9.300000000000000000e+01 1.672895908355712891e+00
9.400000000000000000e+01 1.617571592330932617e+00
9.500000000000000000e+01 1.639808535575866699e+00
9.600000000000000000e+01 1.572811841964721680e+00
9.700000000000000000e+01 1.656478762626647949e+00
9.800000000000000000e+01 1.597181916236877441e+00
9.900000000000000000e+01 1.595023036003112793e+00
