0.000000000000000000e+00 1.646469473838806152e+00
1.000000000000000000e+00 1.682239770889282227e+00
2.000000000000000000e+00 1.657152056694030762e+00
3.000000000000000000e+00 1.665012001991271973e+00
4.000000000000000000e+00 1.686959266662597656e+00
5.000000000000000000e+00 1.724327802658081055e+00
6.000000000000000000e+00 1.679384708404541016e+00
7.000000000000000000e+00 1.646875381469726562e+00
8.000000000000000000e+00 1.789651393890380859e+00
9.000000000000000000e+00 1.715553045272827148e+00
1.000000000000000000e+01 1.625107288360595703e+00
1.100000000000000000e+01 1.688041329383850098e+00
1.200000000000000000e+01 1.690225839614868164e+00
1.300000000000000000e+01 1.613472461700439453e+00
1.400000000000000000e+01 1.658634543418884277e+00
1.500000000000000000e+01 1.645783185958862305e+00
1.600000000000000000e+01 1.631788730621337891e+00
1.700000000000000000e+01 1.654551267623901367e+00
1.800000000000000000e+01 1.666554570198059082e+00
1.900000000000000000e+01 1.722739219665527344e+00
2.000000000000000000e+01 1.760604739189147949e+00
2.100000000000000000e+01 1.694780945777893066e+00
2.200000000000000000e+01 1.698345541954040527e+00
2.300000000000000000e+01 1.693630337715148926e+00
2.400000000000000000e+01 1.683366060256958008e+00
2.500000000000000000e+01 1.756854653358459473e+00
2.600000000000000000e+01 1.697707891464233398e+00
2.700000000000000000e+01 1.678335905075073242e+00
2.800000000000000000e+01 1.685868620872497559e+00
2.900000000000000000e+01 1.795368671417236328e+00
3.000000000000000000e+01 1.716979503631591797e+00
3.100000000000000000e+01 1.685013651847839355e+00
3.200000000000000000e+01 1.682154893875122070e+00
3.300000000000000000e+01 1.748418331146240234e+00
3.400000000000000000e+01 1.754632711410522461e+00
3.500000000000000000e+01 1.758509039878845215e+00
3.600000000000000000e+01 1.663715958595275879e+00
3.700000000000000000e+01 1.714460492134094238e+00
3.800000000000000000e+01 1.809630155563354492e+00
3.900000000000000000e+01 1.751482725143432617e+00
4.000000000000000000e+01 1.781715631484985352e+00
4.100000000000000000e+01 1.726509809494018555e+00
4.200000000000000000e+01 1.650218725204467773e+00
4.300000000000000000e+01 1.718325853347778320e+00
4.400000000000000000e+01 1.716340899467468262e+00
4.500000000000000000e+01 1.695960044860839844e+00
4.600000000000000000e+01 1.772767305374145508e+00
4.700000000000000000e+01 1.774193644523620605e+00
4.800000000000000000e+01 1.627465605735778809e+00
4.900000000000000000e+01 1.640140652656555176e+00
5.000000000000000000e+01 1.668332219123840332e+00
5.100000000000000000e+01 1.727986812591552734e+00
5.200000000000000000e+01 1.701325297355651855e+00
5.300000000000000000e+01 1.783413410186767578e+00
5.400000000000000000e+01 1.668282628059387207e+00
5.500000000000000000e+01 1.753371477127075195e+00
5.600000000000000000e+01 1.568254590034484863e+00
5.700000000000000000e+01 1.711663007736206055e+00
5.800000000000000000e+01 1.685837507247924805e+00
5.900000000000000000e+01 1.600149035453796387e+00
6.000000000000000000e+01 1.660403132438659668e+00
6.100000000000000000e+01 1.731251120567321777e+00
6.200000000000000000e+01 1.745148777961730957e+00
6.300000000000000000e+01 1.631743431091308594e+00
6.400000000000000000e+01 1.803482890129089355e+00
6.500000000000000000e+01 1.721689820289611816e+00
6.600000000000000000e+01 1.680675148963928223e+00
6.700000000000000000e+01 1.705675363540649414e+00
6.800000000000000000e+01 1.706171989440917969e+00
6.900000000000000000e+01 1.701172471046447754e+00
7.000000000000000000e+01 1.627098083496093750e+00
7.100000000000000000e+01 1.669913053512573242e+00
7.200000000000000000e+01 1.737553954124450684e+00
7.300000000000000000e+01 1.757070541381835938e+00
7.400000000000000000e+01 1.790578961372375488e+00
7.500000000000000000e+01 1.566914200782775879e+00
7.600000000000000000e+01 1.611003518104553223e+00
7.700000000000000000e+01 1.771012306213378906e+00
7.800000000000000000e+01 1.773176550865173340e+00
7.900000000000000000e+01 1.677624106407165527e+00
8.000000000000000000e+01 1.652613878250122070e+00
8.100000000000000000e+01 1.739728569984436035e+00
8.200000000000000000e+01 1.766169667243957520e+00
8.300000000000000000e+01 1.680757284164428711e+00
8.400000000000000000e+01 1.742044568061828613e+00
8.500000000000000000e+01 1.763756513595581055e+00
8.600000000000000000e+01 1.811326861381530762e+00
8.700000000000000000e+01 1.716351747512817383e+00
8.800000000000000000e+01 1.782044649124145508e+00
8.900000000000000000e+01 1.625847935676574707e+00
9.000000000000000000e+01 1.658196926116943359e+00
9.100000000000000000e+01 1.753408908843994141e+00
9.200000000000000000e+01 1.658485651016235352e+00
9.300000000000000000e+01 1.733299374580383301e+00
9.400000000000000000e+01 1.683917641639709473e+00
9.500000000000000000e+01 1.714412569999694824e+00
9.600000000000000000e+01 1.701610922813415527e+00
9.700000000000000000e+01 1.750618457794189453e+00
9.800000000000000000e+01 1.702289581298828125e+00
9.900000000000000000e+01 1.784907698631286621e+00
