0.000000000000000000e+00 1.758277535438537598e+00
1.000000000000000000e+00 1.773176431655883789e+00
2.000000000000000000e+00 1.844676971435546875e+00
3.000000000000000000e+00 1.806156635284423828e+00
4.000000000000000000e+00 1.691220641136169434e+00
5.000000000000000000e+00 1.767119288444519043e+00
6.000000000000000000e+00 1.811604738235473633e+00
7.000000000000000000e+00 1.873561263084411621e+00
8.000000000000000000e+00 1.731989502906799316e+00
9.000000000000000000e+00 1.837055325508117676e+00
1.000000000000000000e+01 1.754165768623352051e+00
1.100000000000000000e+01 1.682192564010620117e+00
1.200000000000000000e+01 1.757258176803588867e+00
1.300000000000000000e+01 1.860156655311584473e+00
1.400000000000000000e+01 1.821604251861572266e+00
1.500000000000000000e+01 1.760851621627807617e+00
1.600000000000000000e+01 1.887381315231323242e+00
1.700000000000000000e+01 1.802121520042419434e+00
1.800000000000000000e+01 1.879625558853149414e+00
1.900000000000000000e+01 1.853978276252746582e+00
2.000000000000000000e+01 1.825070977210998535e+00
2.100000000000000000e+01 1.807695269584655762e+00
2.200000000000000000e+01 1.817800164222717285e+00
2.300000000000000000e+01 1.823134541511535645e+00
2.400000000000000000e+01 1.737693190574645996e+00
2.500000000000000000e+01 1.786046504974365234e+00
2.600000000000000000e+01 1.830805301666259766e+00
2.700000000000000000e+01 1.752954602241516113e+00
2.800000000000000000e+01 1.824635982513427734e+00
2.900000000000000000e+01 1.723795294761657715e+00
3.000000000000000000e+01 1.794310450553894043e+00
3.100000000000000000e+01 1.798395156860351562e+00
3.200000000000000000e+01 1.800726771354675293e+00
3.300000000000000000e+01 1.777835965156555176e+00
3.400000000000000000e+01 1.766333699226379395e+00
3.500000000000000000e+01 1.770516395568847656e+00
3.600000000000000000e+01 1.789771556854248047e+00
3.700000000000000000e+01 1.806574702262878418e+00
3.800000000000000000e+01 1.811195254325866699e+00
3.900000000000000000e+01 1.792672991752624512e+00
4.000000000000000000e+01 1.760653376579284668e+00
4.100000000000000000e+01 1.802986860275268555e+00
4.200000000000000000e+01 1.852430582046508789e+00
4.300000000000000000e+01 1.803375482559204102e+00
4.400000000000000000e+01 1.828687667846679688e+00
4.500000000000000000e+01 1.813721776008605957e+00
4.600000000000000000e+01 1.765423059463500977e+00
4.700000000000000000e+01 1.816087126731872559e+00
4.800000000000000000e+01 1.757433533668518066e+00
4.900000000000000000e+01 1.717243552207946777e+00
5.000000000000000000e+01 1.846992254257202148e+00
5.100000000000000000e+01 1.793760657310485840e+00
5.200000000000000000e+01 1.755766034126281738e+00
5.300000000000000000e+01 1.800659894943237305e+00
5.400000000000000000e+01 1.739719748497009277e+00
5.500000000000000000e+01 1.800688982009887695e+00
5.600000000000000000e+01 1.713659167289733887e+00
5.700000000000000000e+01 1.855481743812561035e+00
5.800000000000000000e+01 1.688676476478576660e+00
5.900000000000000000e+01 1.862914323806762695e+00
6.000000000000000000e+01 1.851528525352478027e+00
6.100000000000000000e+01 1.836607813835144043e+00
6.200000000000000000e+01 1.790948510169982910e+00
6.300000000000000000e+01 1.758517622947692871e+00
6.400000000000000000e+01 1.776083946228027344e+00
6.500000000000000000e+01 1.812558412551879883e+00
6.600000000000000000e+01 1.799574613571166992e+00
6.700000000000000000e+01 1.759407043457031250e+00
6.800000000000000000e+01 1.820338606834411621e+00
6.900000000000000000e+01 1.779637575149536133e+00
7.000000000000000000e+01 1.707694888114929199e+00
7.100000000000000000e+01 1.769602417945861816e+00
7.200000000000000000e+01 1.780184268951416016e+00
7.300000000000000000e+01 1.801199436187744141e+00
7.400000000000000000e+01 1.829964041709899902e+00
7.500000000000000000e+01 1.766631364822387695e+00
7.600000000000000000e+01 1.787726998329162598e+00
7.700000000000000000e+01 1.827778100967407227e+00
7.800000000000000000e+01 1.748666882514953613e+00
7.900000000000000000e+01 1.805313706398010254e+00
8.000000000000000000e+01 1.821689605712890625e+00
8.100000000000000000e+01 1.786099791526794434e+00
8.200000000000000000e+01 1.864632248878479004e+00
8.300000000000000000e+01 1.858104228973388672e+00
8.400000000000000000e+01 1.859695315361022949e+00
8.500000000000000000e+01 1.821851491928100586e+00
8.600000000000000000e+01 1.839488506317138672e+00
8.700000000000000000e+01 1.817062735557556152e+00
8.800000000000000000e+01 1.768958568572998047e+00
8.900000000000000000e+01 1.712256669998168945e+00
9.000000000000000000e+01 1.796616792678833008e+00
9.100000000000000000e+01 1.836976289749145508e+00
9.200000000000000000e+01 1.741911411285400391e+00
9.300000000000000000e+01 1.788971304893493652e+00
9.400000000000000000e+01 1.865762352943420410e+00
9.500000000000000000e+01 1.842853546142578125e+00
9.600000000000000000e+01 1.804893374443054199e+00
9.700000000000000000e+01 1.745464324951171875e+00
9.800000000000000000e+01 1.857912778854370117e+00
9.900000000000000000e+01 1.716776013374328613e+00
