0.000000000000000000e+00 1.850787758827209473e+00
1.000000000000000000e+00 1.879604220390319824e+00
2.000000000000000000e+00 1.890387892723083496e+00
3.000000000000000000e+00 1.802735447883605957e+00
4.000000000000000000e+00 1.898503065109252930e+00
5.000000000000000000e+00 1.918893337249755859e+00
6.000000000000000000e+00 1.785551190376281738e+00
7.000000000000000000e+00 1.867141962051391602e+00
8.000000000000000000e+00 1.851290106773376465e+00
9.000000000000000000e+00 1.815978527069091797e+00
1.000000000000000000e+01 1.876349210739135742e+00
1.100000000000000000e+01 1.875842571258544922e+00
1.200000000000000000e+01 1.852788090705871582e+00
1.300000000000000000e+01 1.856299638748168945e+00
1.400000000000000000e+01 1.855128288269042969e+00
1.500000000000000000e+01 1.945423126220703125e+00
1.600000000000000000e+01 1.828027367591857910e+00
1.700000000000000000e+01 1.905225276947021484e+00
1.800000000000000000e+01 1.940922021865844727e+00
1.900000000000000000e+01 1.846359252929687500e+00
2.000000000000000000e+01 1.844616889953613281e+00
2.100000000000000000e+01 1.895821928977966309e+00
2.200000000000000000e+01 1.911223173141479492e+00
2.300000000000000000e+01 1.825019955635070801e+00
2.400000000000000000e+01 1.848804831504821777e+00
2.500000000000000000e+01 1.874119281768798828e+00
2.600000000000000000e+01 1.839908361434936523e+00
2.700000000000000000e+01 1.850209236145019531e+00
2.800000000000000000e+01 1.883590459823608398e+00
2.900000000000000000e+01 1.863045573234558105e+00
3.000000000000000000e+01 1.878648877143859863e+00
3.100000000000000000e+01 1.880701661109924316e+00
3.200000000000000000e+01 1.853193044662475586e+00
3.300000000000000000e+01 1.821166634559631348e+00
3.400000000000000000e+01 1.855311155319213867e+00
3.500000000000000000e+01 1.804591298103332520e+00
3.600000000000000000e+01 1.844702124595642090e+00
3.700000000000000000e+01 1.838661909103393555e+00
3.800000000000000000e+01 1.827769875526428223e+00
3.900000000000000000e+01 1.860024571418762207e+00
4.000000000000000000e+01 1.882362484931945801e+00
4.100000000000000000e+01 1.762163519859313965e+00
4.200000000000000000e+01 1.873272776603698730e+00
4.300000000000000000e+01 1.839263319969177246e+00
4.400000000000000000e+01 1.897493362426757812e+00
4.500000000000000000e+01 1.934594869613647461e+00
4.600000000000000000e+01 1.916071653366088867e+00
4.700000000000000000e+01 1.917889952659606934e+00
4.800000000000000000e+01 1.852128505706787109e+00
4.900000000000000000e+01 1.868696212768554688e+00
5.000000000000000000e+01 1.803960561752319336e+00
5.100000000000000000e+01 1.831247925758361816e+00
5.200000000000000000e+01 1.871983408927917480e+00
5.300000000000000000e+01 1.857297658920288086e+00
5.400000000000000000e+01 1.894454836845397949e+00
5.500000000000000000e+01 1.827952504158020020e+00
5.600000000000000000e+01 1.895418524742126465e+00
5.700000000000000000e+01 1.866346120834350586e+00
5.800000000000000000e+01 1.863770961761474609e+00
5.900000000000000000e+01 1.856706500053405762e+00
6.000000000000000000e+01 1.916429758071899414e+00
6.100000000000000000e+01 1.864066362380981445e+00
6.200000000000000000e+01 1.853434681892395020e+00
6.300000000000000000e+01 1.862321376800537109e+00
6.400000000000000000e+01 1.950944542884826660e+00
6.500000000000000000e+01 1.866597652435302734e+00
6.600000000000000000e+01 1.846485495567321777e+00
6.700000000000000000e+01 1.861568927764892578e+00
6.800000000000000000e+01 1.846584796905517578e+00
6.900000000000000000e+01 1.881844997406005859e+00
7.000000000000000000e+01 1.855913519859313965e+00
7.100000000000000000e+01 1.843953967094421387e+00
7.200000000000000000e+01 1.847391128540039062e+00
7.300000000000000000e+01 1.821631431579589844e+00
7.400000000000000000e+01 1.880303621292114258e+00
7.500000000000000000e+01 1.757129669189453125e+00
7.600000000000000000e+01 1.839153409004211426e+00
7.700000000000000000e+01 1.854944944381713867e+00
7.800000000000000000e+01 1.833703398704528809e+00
7.900000000000000000e+01 1.814854741096496582e+00
8.000000000000000000e+01 1.883697867393493652e+00
8.100000000000000000e+01 1.919776558876037598e+00
8.200000000000000000e+01 1.909863233566284180e+00
8.300000000000000000e+01 1.864937782287597656e+00
8.400000000000000000e+01 1.889851808547973633e+00
8.500000000000000000e+01 1.886926174163818359e+00
8.600000000000000000e+01 1.915127038955688477e+00
8.700000000000000000e+01 1.891153216361999512e+00
8.800000000000000000e+01 1.876309037208557129e+00
8.900000000000000000e+01 1.841870903968811035e+00
9.000000000000000000e+01 1.899120807647705078e+00
9.100000000000000000e+01 1.804659605026245117e+00
9.200000000000000000e+01 1.790146112442016602e+00
9.300000000000000000e+01 1.864352345466613770e+00
9.400000000000000000e+01 1.883515596389770508e+00
9.500000000000000000e+01 1.861782431602478027e+00
9.600000000000000000e+01 1.791604757308959961e+00
9.700000000000000000e+01 1.819435358047485352e+00
9.800000000000000000e+01 1.875640153884887695e+00
9.900000000000000000e+01 1.825297713279724121e+00
