0.000000000000000000e+00 1.889868021011352539e+00
1.000000000000000000e+00 1.885288119316101074e+00
2.000000000000000000e+00 1.936537742614746094e+00
3.000000000000000000e+00 1.948943734169006348e+00
4.000000000000000000e+00 1.842504620552062988e+00
5.000000000000000000e+00 1.972579479217529297e+00
6.000000000000000000e+00 1.857600212097167969e+00
7.000000000000000000e+00 1.935000538825988770e+00
8.000000000000000000e+00 1.946188092231750488e+00
9.000000000000000000e+00 1.946297883987426758e+00
1.000000000000000000e+01 1.844223618507385254e+00
1.100000000000000000e+01 1.900243759155273438e+00
1.200000000000000000e+01 1.860515475273132324e+00
1.300000000000000000e+01 1.982632756233215332e+00
1.400000000000000000e+01 1.979104042053222656e+00
1.500000000000000000e+01 1.908300638198852539e+00
1.600000000000000000e+01 1.860080480575561523e+00
1.700000000000000000e+01 1.877301812171936035e+00
1.800000000000000000e+01 1.901331663131713867e+00
1.900000000000000000e+01 1.860917687416076660e+00
2.000000000000000000e+01 1.912767171859741211e+00
2.100000000000000000e+01 1.886384129524230957e+00
2.200000000000000000e+01 1.924159407615661621e+00
2.300000000000000000e+01 1.869105339050292969e+00
2.400000000000000000e+01 1.871122479438781738e+00
2.500000000000000000e+01 2.011540651321411133e+00
2.600000000000000000e+01 1.979111194610595703e+00
2.700000000000000000e+01 1.937585473060607910e+00
2.800000000000000000e+01 1.887714028358459473e+00
2.900000000000000000e+01 1.894334077835083008e+00
3.000000000000000000e+01 1.873213291168212891e+00
3.100000000000000000e+01 1.928018808364868164e+00
3.200000000000000000e+01 1.917745471000671387e+00
3.300000000000000000e+01 2.027633666992187500e+00
3.400000000000000000e+01 1.882633209228515625e+00
3.500000000000000000e+01 1.924750685691833496e+00
3.600000000000000000e+01 1.883272647857666016e+00
3.700000000000000000e+01 1.948213458061218262e+00
3.800000000000000000e+01 2.003039836883544922e+00
3.900000000000000000e+01 1.927166938781738281e+00
4.000000000000000000e+01 1.895293474197387695e+00
4.100000000000000000e+01 1.834099173545837402e+00
4.200000000000000000e+01 1.919985413551330566e+00
4.300000000000000000e+01 1.935549259185791016e+00
4.400000000000000000e+01 1.934515118598937988e+00
4.500000000000000000e+01 1.884074926376342773e+00
4.600000000000000000e+01 1.932645797729492188e+00
4.700000000000000000e+01 1.863986730575561523e+00
4.800000000000000000e+01 1.901715159416198730e+00
4.900000000000000000e+01 1.967745661735534668e+00
5.000000000000000000e+01 1.871987223625183105e+00
5.100000000000000000e+01 1.891857028007507324e+00
5.200000000000000000e+01 1.934158682823181152e+00
5.300000000000000000e+01 1.898384213447570801e+00
5.400000000000000000e+01 1.951778531074523926e+00
5.500000000000000000e+01 2.012181282043457031e+00
5.600000000000000000e+01 1.825242042541503906e+00
5.700000000000000000e+01 1.946958184242248535e+00
5.800000000000000000e+01 1.923155784606933594e+00
5.900000000000000000e+01 1.890930056571960449e+00
6.000000000000000000e+01 1.975963950157165527e+00
6.100000000000000000e+01 1.866296768188476562e+00
6.200000000000000000e+01 1.945653676986694336e+00
6.300000000000000000e+01 1.925730943679809570e+00
6.400000000000000000e+01 1.958755373954772949e+00
6.500000000000000000e+01 1.932641386985778809e+00
6.600000000000000000e+01 1.807364106178283691e+00
6.700000000000000000e+01 1.864925622940063477e+00
6.800000000000000000e+01 1.841168999671936035e+00
6.900000000000000000e+01 1.904480814933776855e+00
7.000000000000000000e+01 1.944272637367248535e+00
7.100000000000000000e+01 1.890768766403198242e+00
7.200000000000000000e+01 1.940032362937927246e+00
7.300000000000000000e+01 1.956826329231262207e+00
7.400000000000000000e+01 1.934274196624755859e+00
7.500000000000000000e+01 1.987160086631774902e+00
7.600000000000000000e+01 1.908737421035766602e+00
7.700000000000000000e+01 1.994045734405517578e+00
7.800000000000000000e+01 1.901134133338928223e+00
7.900000000000000000e+01 1.874570488929748535e+00
8.000000000000000000e+01 1.943900942802429199e+00
8.100000000000000000e+01 1.974411010742187500e+00
8.200000000000000000e+01 1.819240570068359375e+00
8.300000000000000000e+01 1.886399149894714355e+00
8.400000000000000000e+01 1.857747912406921387e+00
8.500000000000000000e+01 1.850230693817138672e+00
8.600000000000000000e+01 1.897318124771118164e+00
8.700000000000000000e+01 1.895204424858093262e+00
8.800000000000000000e+01 1.929365873336791992e+00
8.900000000000000000e+01 1.870393514633178711e+00
9.000000000000000000e+01 1.878546595573425293e+00
9.100000000000000000e+01 1.929887771606445312e+00
9.200000000000000000e+01 1.940102100372314453e+00
9.300000000000000000e+01 1.876565456390380859e+00
9.400000000000000000e+01 1.933601856231689453e+00
9.500000000000000000e+01 1.862484335899353027e+00
9.600000000000000000e+01 1.900652289390563965e+00
9.700000000000000000e+01 1.874398469924926758e+00
9.800000000000000000e+01 1.952525019645690918e+00
9.900000000000000000e+01 1.901951670646667480e+00
