0.000000000000000000e+00 1.987941861152648926e+00
1.000000000000000000e+00 1.999168753623962402e+00
2.000000000000000000e+00 1.988803982734680176e+00
3.000000000000000000e+00 2.054435014724731445e+00
4.000000000000000000e+00 1.964639902114868164e+00
5.000000000000000000e+00 1.911693453788757324e+00
6.000000000000000000e+00 2.011970758438110352e+00
7.000000000000000000e+00 1.960245013236999512e+00
8.000000000000000000e+00 2.034716606140136719e+00
9.000000000000000000e+00 2.019092082977294922e+00
1.000000000000000000e+01 1.927232503890991211e+00
1.100000000000000000e+01 1.942475438117980957e+00
1.200000000000000000e+01 1.939953684806823730e+00
1.300000000000000000e+01 2.028490781784057617e+00
1.400000000000000000e+01 1.961366772651672363e+00
1.500000000000000000e+01 1.952286124229431152e+00
1.600000000000000000e+01 1.973520874977111816e+00
1.700000000000000000e+01 1.980862379074096680e+00
1.800000000000000000e+01 1.993789315223693848e+00
1.900000000000000000e+01 1.994032144546508789e+00
2.000000000000000000e+01 1.937684893608093262e+00
2.100000000000000000e+01 1.944248437881469727e+00
2.200000000000000000e+01 1.976152420043945312e+00
2.300000000000000000e+01 2.013932228088378906e+00
2.400000000000000000e+01 2.018497705459594727e+00
2.500000000000000000e+01 1.924142479896545410e+00
2.600000000000000000e+01 1.940025091171264648e+00
2.700000000000000000e+01 1.958878755569458008e+00
2.800000000000000000e+01 1.904170274734497070e+00
2.900000000000000000e+01 1.980670571327209473e+00
3.000000000000000000e+01 1.990854024887084961e+00
3.100000000000000000e+01 1.986374497413635254e+00
3.200000000000000000e+01 1.993648529052734375e+00
3.300000000000000000e+01 2.020161867141723633e+00
3.400000000000000000e+01 2.038131713867187500e+00
3.500000000000000000e+01 1.992671251296997070e+00
3.600000000000000000e+01 1.977136731147766113e+00
3.700000000000000000e+01 2.021243572235107422e+00
3.800000000000000000e+01 1.976276278495788574e+00
3.900000000000000000e+01 1.943005204200744629e+00
4.000000000000000000e+01 2.035919427871704102e+00
4.100000000000000000e+01 1.975197076797485352e+00
4.200000000000000000e+01 1.928397655487060547e+00
4.300000000000000000e+01 1.974479913711547852e+00
4.400000000000000000e+01 1.974880099296569824e+00
4.500000000000000000e+01 1.988887906074523926e+00
4.600000000000000000e+01 1.982318401336669922e+00
4.700000000000000000e+01 1.949365258216857910e+00
4.800000000000000000e+01 1.976404547691345215e+00
4.900000000000000000e+01 1.988319754600524902e+00
5.000000000000000000e+01 1.894157290458679199e+00
5.100000000000000000e+01 1.938854575157165527e+00
5.200000000000000000e+01 1.919160604476928711e+00
5.300000000000000000e+01 1.958505868911743164e+00
5.400000000000000000e+01 2.037592649459838867e+00
5.500000000000000000e+01 1.952437996864318848e+00
5.600000000000000000e+01 1.986235499382019043e+00
5.700000000000000000e+01 1.982620716094970703e+00
5.800000000000000000e+01 1.934025764465332031e+00
5.900000000000000000e+01 1.928032636642456055e+00
6.000000000000000000e+01 1.965957641601562500e+00
6.100000000000000000e+01 1.974520802497863770e+00
6.200000000000000000e+01 2.005372524261474609e+00
6.300000000000000000e+01 1.948708176612854004e+00
6.400000000000000000e+01 1.941987037658691406e+00
6.500000000000000000e+01 1.991479277610778809e+00
6.600000000000000000e+01 2.017250776290893555e+00
6.700000000000000000e+01 2.034886121749877930e+00
6.800000000000000000e+01 2.016551017761230469e+00
6.900000000000000000e+01 2.018953800201416016e+00
7.000000000000000000e+01 1.979753375053405762e+00
7.100000000000000000e+01 2.013477563858032227e+00
7.200000000000000000e+01 1.985252380371093750e+00
7.300000000000000000e+01 1.980679869651794434e+00
7.400000000000000000e+01 1.979260444641113281e+00
7.500000000000000000e+01 1.982759475708007812e+00
7.600000000000000000e+01 1.947057366371154785e+00
7.700000000000000000e+01 1.915225028991699219e+00
7.800000000000000000e+01 1.994890570640563965e+00
7.900000000000000000e+01 1.961924433708190918e+00
8.000000000000000000e+01 1.995189189910888672e+00
8.100000000000000000e+01 1.942996263504028320e+00
8.200000000000000000e+01 1.975858449935913086e+00
8.300000000000000000e+01 1.928968191146850586e+00
8.400000000000000000e+01 1.994500875473022461e+00
8.500000000000000000e+01 1.929853916168212891e+00
8.600000000000000000e+01 1.886413693428039551e+00
8.700000000000000000e+01 1.949070334434509277e+00
8.800000000000000000e+01 1.976759552955627441e+00
8.900000000000000000e+01 1.925025463104248047e+00
9.000000000000000000e+01 1.974839329719543457e+00
9.100000000000000000e+01 2.073024272918701172e+00
9.200000000000000000e+01 1.994640350341796875e+00
9.300000000000000000e+01 2.008185625076293945e+00
9.400000000000000000e+01 2.043466806411743164e+00
9.500000000000000000e+01 2.032448530197143555e+00
9.600000000000000000e+01 1.943087339401245117e+00
9.700000000000000000e+01 2.010642528533935547e+00
9.800000000000000000e+01 1.919505119323730469e+00
9.900000000000000000e+01 1.986861824989318848e+00
