0.000000000000000000e+00 1.450202941894531250e+00
1.000000000000000000e+00 1.435289263725280762e+00
2.000000000000000000e+00 1.422875881195068359e+00
3.000000000000000000e+00 1.365587830543518066e+00
4.000000000000000000e+00 1.421161770820617676e+00
5.000000000000000000e+00 1.429247140884399414e+00
6.000000000000000000e+00 1.387883305549621582e+00
7.000000000000000000e+00 1.415371060371398926e+00
8.000000000000000000e+00 1.357612252235412598e+00
9.000000000000000000e+00 1.463418126106262207e+00
1.000000000000000000e+01 1.441130876541137695e+00
1.100000000000000000e+01 1.402337908744812012e+00
1.200000000000000000e+01 1.374011993408203125e+00
1.300000000000000000e+01 1.414487004280090332e+00
1.400000000000000000e+01 1.424830675125122070e+00
1.500000000000000000e+01 1.401871919631958008e+00
1.600000000000000000e+01 1.444634437561035156e+00
1.700000000000000000e+01 1.394960284233093262e+00
1.800000000000000000e+01 1.410543203353881836e+00
1.900000000000000000e+01 1.469986796379089355e+00
2.000000000000000000e+01 1.369161963462829590e+00
2.100000000000000000e+01 1.449711918830871582e+00
2.200000000000000000e+01 1.450633764266967773e+00
2.300000000000000000e+01 1.404756426811218262e+00
2.400000000000000000e+01 1.405643343925476074e+00
2.500000000000000000e+01 1.423797607421875000e+00
2.600000000000000000e+01 1.410373568534851074e+00
2.700000000000000000e+01 1.403566479682922363e+00
2.800000000000000000e+01 1.412355422973632812e+00
2.900000000000000000e+01 1.435382723808288574e+00
3.000000000000000000e+01 1.439721822738647461e+00
3.100000000000000000e+01 1.390341281890869141e+00
3.200000000000000000e+01 1.399901032447814941e+00
3.300000000000000000e+01 1.377493381500244141e+00
3.400000000000000000e+01 1.437178134918212891e+00
3.500000000000000000e+01 1.401259303092956543e+00
3.600000000000000000e+01 1.414981007575988770e+00
3.700000000000000000e+01 1.440763950347900391e+00
3.800000000000000000e+01 1.412975668907165527e+00
3.900000000000000000e+01 1.448043823242187500e+00
4.000000000000000000e+01 1.419966459274291992e+00
4.100000000000000000e+01 1.415821433067321777e+00
4.200000000000000000e+01 1.363788604736328125e+00
4.300000000000000000e+01 1.343208074569702148e+00
4.400000000000000000e+01 1.369867801666259766e+00
4.500000000000000000e+01 1.528473496437072754e+00
4.600000000000000000e+01 1.405604720115661621e+00
4.700000000000000000e+01 1.343519330024719238e+00
4.800000000000000000e+01 1.435006260871887207e+00
4.900000000000000000e+01 1.415216565132141113e+00
5.000000000000000000e+01 1.381447076797485352e+00
5.100000000000000000e+01 1.393612027168273926e+00
5.200000000000000000e+01 1.465071082115173340e+00
5.300000000000000000e+01 1.463897347450256348e+00
5.400000000000000000e+01 1.399666428565979004e+00
5.500000000000000000e+01 1.430645585060119629e+00
5.600000000000000000e+01 1.404987335205078125e+00
5.700000000000000000e+01 1.430517435073852539e+00
5.800000000000000000e+01 1.494268774986267090e+00
5.900000000000000000e+01 1.413911461830139160e+00
6.000000000000000000e+01 1.442471265792846680e+00
6.100000000000000000e+01 1.421408057212829590e+00
6.200000000000000000e+01 1.448903918266296387e+00
6.300000000000000000e+01 1.470762014389038086e+00
6.400000000000000000e+01 1.423740386962890625e+00
6.500000000000000000e+01 1.437132716178894043e+00
6.600000000000000000e+01 1.410566091537475586e+00
6.700000000000000000e+01 1.434450626373291016e+00
6.800000000000000000e+01 1.378406643867492676e+00
6.900000000000000000e+01 1.421417117118835449e+00
7.000000000000000000e+01 1.421689987182617188e+00
7.100000000000000000e+01 1.410249710083007812e+00
7.200000000000000000e+01 1.411993861198425293e+00
7.300000000000000000e+01 1.413763761520385742e+00
7.400000000000000000e+01 1.403061628341674805e+00
7.500000000000000000e+01 1.451512932777404785e+00
7.600000000000000000e+01 1.403645038604736328e+00
7.700000000000000000e+01 1.422724008560180664e+00
7.800000000000000000e+01 1.405975103378295898e+00
7.900000000000000000e+01 1.394705772399902344e+00
8.000000000000000000e+01 1.396493434906005859e+00
8.100000000000000000e+01 1.402736186981201172e+00
8.200000000000000000e+01 1.444583892822265625e+00
8.300000000000000000e+01 1.423426747322082520e+00
8.400000000000000000e+01 1.415109634399414062e+00
8.500000000000000000e+01 1.423258304595947266e+00
8.600000000000000000e+01 1.405518770217895508e+00
8.700000000000000000e+01 1.412154436111450195e+00
8.800000000000000000e+01 1.406342506408691406e+00
8.900000000000000000e+01 1.444886803627014160e+00
9.000000000000000000e+01 1.409041762351989746e+00
9.100000000000000000e+01 1.442167043685913086e+00
9.200000000000000000e+01 1.391975522041320801e+00
9.300000000000000000e+01 1.383272647857666016e+00
9.400000000000000000e+01 1.416744470596313477e+00
9.500000000000000000e+01 1.399317979812622070e+00
9.600000000000000000e+01 1.386625528335571289e+00
9.700000000000000000e+01 1.395873069763183594e+00
9.800000000000000000e+01 1.412283778190612793e+00
9.900000000000000000e+01 1.414381861686706543e+00
