0.000000000000000000e+00 2.768958330154418945e+00
1.000000000000000000e+00 2.702262401580810547e+00
2.000000000000000000e+00 2.893527984619140625e+00
3.000000000000000000e+00 2.846875190734863281e+00
4.000000000000000000e+00 2.833234786987304688e+00
5.000000000000000000e+00 2.818966627120971680e+00
6.000000000000000000e+00 2.811683177947998047e+00
7.000000000000000000e+00 2.901510715484619141e+00
8.000000000000000000e+00 2.846379756927490234e+00
9.000000000000000000e+00 2.790293455123901367e+00
1.000000000000000000e+01 2.881637096405029297e+00
1.100000000000000000e+01 2.842630863189697266e+00
1.200000000000000000e+01 2.884054660797119141e+00
1.300000000000000000e+01 2.888791322708129883e+00
1.400000000000000000e+01 2.850813150405883789e+00
1.500000000000000000e+01 2.805038213729858398e+00
1.600000000000000000e+01 2.882127523422241211e+00
1.700000000000000000e+01 2.878128290176391602e+00
1.800000000000000000e+01 2.912734508514404297e+00
1.900000000000000000e+01 2.804591894149780273e+00
2.000000000000000000e+01 2.889051198959350586e+00
2.100000000000000000e+01 2.861759424209594727e+00
2.200000000000000000e+01 2.793191671371459961e+00
2.300000000000000000e+01 2.919532775878906250e+00
2.400000000000000000e+01 2.770196676254272461e+00
2.500000000000000000e+01 2.816905498504638672e+00
2.600000000000000000e+01 2.801095008850097656e+00
2.700000000000000000e+01 2.788277387619018555e+00
2.800000000000000000e+01 2.760905504226684570e+00
2.900000000000000000e+01 2.774756669998168945e+00
3.000000000000000000e+01 2.767836570739746094e+00
3.100000000000000000e+01 2.784172296524047852e+00
3.200000000000000000e+01 2.606749773025512695e+00
3.300000000000000000e+01 2.843246698379516602e+00
3.400000000000000000e+01 2.875707864761352539e+00
3.500000000000000000e+01 2.820163011550903320e+00
3.600000000000000000e+01 2.736115694046020508e+00
3.700000000000000000e+01 2.708184480667114258e+00
3.800000000000000000e+01 2.786016702651977539e+00
3.900000000000000000e+01 2.800062656402587891e+00
4.000000000000000000e+01 2.802341461181640625e+00
4.100000000000000000e+01 2.872865200042724609e+00
4.200000000000000000e+01 2.817093372344970703e+00
4.300000000000000000e+01 2.848153591156005859e+00
4.400000000000000000e+01 2.802295207977294922e+00
4.500000000000000000e+01 2.889313459396362305e+00
4.600000000000000000e+01 2.832141876220703125e+00
4.700000000000000000e+01 2.758832693099975586e+00
4.800000000000000000e+01 2.865666151046752930e+00
4.900000000000000000e+01 2.913307666778564453e+00
5.000000000000000000e+01 2.857618570327758789e+00
5.100000000000000000e+01 2.875204324722290039e+00
5.200000000000000000e+01 2.778685331344604492e+00
5.300000000000000000e+01 2.854162693023681641e+00
5.400000000000000000e+01 2.796345949172973633e+00
5.500000000000000000e+01 2.888363838195800781e+00
5.600000000000000000e+01 2.871715068817138672e+00
5.700000000000000000e+01 2.833806753158569336e+00
5.800000000000000000e+01 2.833528995513916016e+00
5.900000000000000000e+01 2.797638893127441406e+00
6.000000000000000000e+01 2.784838199615478516e+00
6.100000000000000000e+01 2.709891319274902344e+00
6.200000000000000000e+01 2.710370063781738281e+00
6.300000000000000000e+01 2.723613977432250977e+00
6.400000000000000000e+01 2.774774312973022461e+00
6.500000000000000000e+01 2.790121793746948242e+00
6.600000000000000000e+01 2.775972366333007812e+00
6.700000000000000000e+01 2.849977016448974609e+00
6.800000000000000000e+01 2.826134204864501953e+00
6.900000000000000000e+01 2.808752059936523438e+00
7.000000000000000000e+01 2.751679420471191406e+00
7.100000000000000000e+01 2.828364372253417969e+00
7.200000000000000000e+01 2.774106025695800781e+00
7.300000000000000000e+01 2.777424573898315430e+00
7.400000000000000000e+01 2.844421863555908203e+00
7.500000000000000000e+01 2.814838171005249023e+00
7.600000000000000000e+01 2.789032697677612305e+00
7.700000000000000000e+01 2.826087951660156250e+00
7.800000000000000000e+01 2.839811801910400391e+00
7.900000000000000000e+01 2.828909397125244141e+00
8.000000000000000000e+01 2.752659320831298828e+00
8.100000000000000000e+01 2.800851583480834961e+00
8.200000000000000000e+01 2.781048774719238281e+00
8.300000000000000000e+01 2.878390789031982422e+00
8.400000000000000000e+01 2.753930330276489258e+00
8.500000000000000000e+01 2.856576681137084961e+00
8.600000000000000000e+01 2.805231809616088867e+00
8.700000000000000000e+01 2.819688081741333008e+00
8.800000000000000000e+01 2.895189762115478516e+00
8.900000000000000000e+01 2.760903835296630859e+00
9.000000000000000000e+01 2.780598640441894531e+00
9.100000000000000000e+01 2.703466653823852539e+00
9.200000000000000000e+01 2.764004707336425781e+00
9.300000000000000000e+01 2.807046651840209961e+00
9.400000000000000000e+01 2.787439823150634766e+00
9.500000000000000000e+01 2.786369085311889648e+00
9.600000000000000000e+01 2.826381921768188477e+00
9.700000000000000000e+01 2.822689771652221680e+00
9.800000000000000000e+01 2.782982587814331055e+00
9.900000000000000000e+01 2.906676769256591797e+00
