0.000000000000000000e+00 2.043275356292724609e+00
1.000000000000000000e+00 2.112206697463989258e+00
2.000000000000000000e+00 2.076082468032836914e+00
3.000000000000000000e+00 2.145720243453979492e+00
4.000000000000000000e+00 2.119833707809448242e+00
5.000000000000000000e+00 2.074784517288208008e+00
6.000000000000000000e+00 2.113512516021728516e+00
7.000000000000000000e+00 2.052047014236450195e+00
8.000000000000000000e+00 2.089754581451416016e+00
9.000000000000000000e+00 2.127378940582275391e+00
1.000000000000000000e+01 2.034609556198120117e+00
1.100000000000000000e+01 2.125539779663085938e+00
1.200000000000000000e+01 2.132470846176147461e+00
1.300000000000000000e+01 2.156443595886230469e+00
1.400000000000000000e+01 2.123776674270629883e+00
1.500000000000000000e+01 2.022977828979492188e+00
1.600000000000000000e+01 2.126438379287719727e+00
1.700000000000000000e+01 2.109812259674072266e+00
1.800000000000000000e+01 2.051903009414672852e+00
1.900000000000000000e+01 2.135736227035522461e+00
2.000000000000000000e+01 2.104017496109008789e+00
2.100000000000000000e+01 2.084012746810913086e+00
2.200000000000000000e+01 2.007329702377319336e+00
2.300000000000000000e+01 2.077365398406982422e+00
2.400000000000000000e+01 2.181237697601318359e+00
2.500000000000000000e+01 2.105374574661254883e+00
2.600000000000000000e+01 2.062143564224243164e+00
2.700000000000000000e+01 2.117511272430419922e+00
2.800000000000000000e+01 2.147649765014648438e+00
2.900000000000000000e+01 2.137042045593261719e+00
3.000000000000000000e+01 2.121246099472045898e+00
3.100000000000000000e+01 2.029698610305786133e+00
3.200000000000000000e+01 2.147312641143798828e+00
3.300000000000000000e+01 2.163175106048583984e+00
3.400000000000000000e+01 2.137086629867553711e+00
3.500000000000000000e+01 2.110990524291992188e+00
3.600000000000000000e+01 2.107303857803344727e+00
3.700000000000000000e+01 2.095386266708374023e+00
3.800000000000000000e+01 2.135537862777709961e+00
3.900000000000000000e+01 2.123992681503295898e+00
4.000000000000000000e+01 2.055622339248657227e+00
4.100000000000000000e+01 2.034457683563232422e+00
4.200000000000000000e+01 2.143975496292114258e+00
4.300000000000000000e+01 2.152951002120971680e+00
4.400000000000000000e+01 2.080518484115600586e+00
4.500000000000000000e+01 2.045143365859985352e+00
4.600000000000000000e+01 2.027688264846801758e+00
4.700000000000000000e+01 2.075839519500732422e+00
4.800000000000000000e+01 2.184286594390869141e+00
4.900000000000000000e+01 2.113416671752929688e+00
5.000000000000000000e+01 2.092580556869506836e+00
5.100000000000000000e+01 2.120586633682250977e+00
5.200000000000000000e+01 2.118156433105468750e+00
5.300000000000000000e+01 2.119889259338378906e+00
5.400000000000000000e+01 2.055099010467529297e+00
5.500000000000000000e+01 2.120557069778442383e+00
5.600000000000000000e+01 2.144766092300415039e+00
5.700000000000000000e+01 2.224841833114624023e+00
5.800000000000000000e+01 2.190058469772338867e+00
5.900000000000000000e+01 2.151634693145751953e+00
6.000000000000000000e+01 2.197272062301635742e+00
6.100000000000000000e+01 2.115883350372314453e+00
6.200000000000000000e+01 2.086200475692749023e+00
6.300000000000000000e+01 2.096617937088012695e+00
6.400000000000000000e+01 2.146970510482788086e+00
6.500000000000000000e+01 2.161933183670043945e+00
6.600000000000000000e+01 2.145224332809448242e+00
6.700000000000000000e+01 2.102773904800415039e+00
6.800000000000000000e+01 2.101491451263427734e+00
6.900000000000000000e+01 2.153165102005004883e+00
7.000000000000000000e+01 2.082983970642089844e+00
7.100000000000000000e+01 2.093164920806884766e+00
7.200000000000000000e+01 2.138356685638427734e+00
7.300000000000000000e+01 2.117125511169433594e+00
7.400000000000000000e+01 2.117435693740844727e+00
7.500000000000000000e+01 2.128846645355224609e+00
7.600000000000000000e+01 2.137184619903564453e+00
7.700000000000000000e+01 2.076314210891723633e+00
7.800000000000000000e+01 2.068860530853271484e+00
7.900000000000000000e+01 2.057402849197387695e+00
8.000000000000000000e+01 2.116887092590332031e+00
8.100000000000000000e+01 2.083861112594604492e+00
8.200000000000000000e+01 2.122448444366455078e+00
8.300000000000000000e+01 2.029067039489746094e+00
8.400000000000000000e+01 2.171419620513916016e+00
8.500000000000000000e+01 2.142486095428466797e+00
8.600000000000000000e+01 2.125689744949340820e+00
8.700000000000000000e+01 2.169817686080932617e+00
8.800000000000000000e+01 2.149317741394042969e+00
8.900000000000000000e+01 2.066342592239379883e+00
9.000000000000000000e+01 2.141918659210205078e+00
9.100000000000000000e+01 2.180851221084594727e+00
9.200000000000000000e+01 2.097124814987182617e+00
9.300000000000000000e+01 2.186276197433471680e+00
9.400000000000000000e+01 2.147377729415893555e+00
9.500000000000000000e+01 2.128952026367187500e+00
9.600000000000000000e+01 2.104617834091186523e+00
9.700000000000000000e+01 2.135915994644165039e+00
9.800000000000000000e+01 2.118331193923950195e+00
9.900000000000000000e+01 2.153281450271606445e+00
