0.000000000000000000e+00 2.378858327865600586e+00
1.000000000000000000e+00 2.465494632720947266e+00
2.000000000000000000e+00 2.455301046371459961e+00
3.000000000000000000e+00 2.412937164306640625e+00
4.000000000000000000e+00 2.520079135894775391e+00
5.000000000000000000e+00 2.537277936935424805e+00
6.000000000000000000e+00 2.650827407836914062e+00
7.000000000000000000e+00 2.551130533218383789e+00
8.000000000000000000e+00 2.566870212554931641e+00
9.000000000000000000e+00 2.553866863250732422e+00
1.000000000000000000e+01 2.495728254318237305e+00
1.100000000000000000e+01 2.576585531234741211e+00
1.200000000000000000e+01 2.541088819503784180e+00
1.300000000000000000e+01 2.513879060745239258e+00
1.400000000000000000e+01 2.509409666061401367e+00
1.500000000000000000e+01 2.493339061737060547e+00
1.600000000000000000e+01 2.546247243881225586e+00
1.700000000000000000e+01 2.483129978179931641e+00
1.800000000000000000e+01 2.428610801696777344e+00
1.900000000000000000e+01 2.564565658569335938e+00
2.000000000000000000e+01 2.495899200439453125e+00
2.100000000000000000e+01 2.517484903335571289e+00
2.200000000000000000e+01 2.516540765762329102e+00
2.300000000000000000e+01 2.484572410583496094e+00
2.400000000000000000e+01 2.585160732269287109e+00
2.500000000000000000e+01 2.422683477401733398e+00
2.600000000000000000e+01 2.518841028213500977e+00
2.700000000000000000e+01 2.561079978942871094e+00
2.800000000000000000e+01 2.513493537902832031e+00
2.900000000000000000e+01 2.545460939407348633e+00
3.000000000000000000e+01 2.443960428237915039e+00
3.100000000000000000e+01 2.445583581924438477e+00
3.200000000000000000e+01 2.512594938278198242e+00
3.300000000000000000e+01 2.510626077651977539e+00
3.400000000000000000e+01 2.538823843002319336e+00
3.500000000000000000e+01 2.487506628036499023e+00
3.600000000000000000e+01 2.528565168380737305e+00
3.700000000000000000e+01 2.502512216567993164e+00
3.800000000000000000e+01 2.555830001831054688e+00
3.900000000000000000e+01 2.554594278335571289e+00
4.000000000000000000e+01 2.538397789001464844e+00
4.100000000000000000e+01 2.502690792083740234e+00
4.200000000000000000e+01 2.504019021987915039e+00
4.300000000000000000e+01 2.453897476196289062e+00
4.400000000000000000e+01 2.486113071441650391e+00
4.500000000000000000e+01 2.518109798431396484e+00
4.600000000000000000e+01 2.507259845733642578e+00
4.700000000000000000e+01 2.526316881179809570e+00
4.800000000000000000e+01 2.522225379943847656e+00
4.900000000000000000e+01 2.492843866348266602e+00
5.000000000000000000e+01 2.484107494354248047e+00
5.100000000000000000e+01 2.473752498626708984e+00
5.200000000000000000e+01 2.552597761154174805e+00
5.300000000000000000e+01 2.450180292129516602e+00
5.400000000000000000e+01 2.473571300506591797e+00
5.500000000000000000e+01 2.569767713546752930e+00
5.600000000000000000e+01 2.478667020797729492e+00
5.700000000000000000e+01 2.517238140106201172e+00
5.800000000000000000e+01 2.515564203262329102e+00
5.900000000000000000e+01 2.568970441818237305e+00
6.000000000000000000e+01 2.469176292419433594e+00
6.100000000000000000e+01 2.511295557022094727e+00
6.200000000000000000e+01 2.496412992477416992e+00
6.300000000000000000e+01 2.541839599609375000e+00
6.400000000000000000e+01 2.609093904495239258e+00
6.500000000000000000e+01 2.437325239181518555e+00
6.600000000000000000e+01 2.485035419464111328e+00
6.700000000000000000e+01 2.530203342437744141e+00
6.800000000000000000e+01 2.533993959426879883e+00
6.900000000000000000e+01 2.540814161300659180e+00
7.000000000000000000e+01 2.514271736145019531e+00
7.100000000000000000e+01 2.501070261001586914e+00
7.200000000000000000e+01 2.453726053237915039e+00
7.300000000000000000e+01 2.482751131057739258e+00
7.400000000000000000e+01 2.572916746139526367e+00
7.500000000000000000e+01 2.509021997451782227e+00
7.600000000000000000e+01 2.502813577651977539e+00
7.700000000000000000e+01 2.555795431137084961e+00
7.800000000000000000e+01 2.440411329269409180e+00
7.900000000000000000e+01 2.512565612792968750e+00
8.000000000000000000e+01 2.531734466552734375e+00
8.100000000000000000e+01 2.447835683822631836e+00
8.200000000000000000e+01 2.545582056045532227e+00
8.300000000000000000e+01 2.464310884475708008e+00
8.400000000000000000e+01 2.504827499389648438e+00
8.500000000000000000e+01 2.501062631607055664e+00
8.600000000000000000e+01 2.498509645462036133e+00
8.700000000000000000e+01 2.464754104614257812e+00
8.800000000000000000e+01 2.525955200195312500e+00
8.900000000000000000e+01 2.612504720687866211e+00
9.000000000000000000e+01 2.554028987884521484e+00
9.100000000000000000e+01 2.492656230926513672e+00
9.200000000000000000e+01 2.516602754592895508e+00
9.300000000000000000e+01 2.505787611007690430e+00
9.400000000000000000e+01 2.532230138778686523e+00
9.500000000000000000e+01 2.512936592102050781e+00
9.600000000000000000e+01 2.579801559448242188e+00
9.700000000000000000e+01 2.540102720260620117e+00
9.800000000000000000e+01 2.554725170135498047e+00
9.900000000000000000e+01 2.542356014251708984e+00
