0.000000000000000000e+00 2.729528903961181641e+00
1.000000000000000000e+00 2.723332166671752930e+00
2.000000000000000000e+00 2.632891416549682617e+00
3.000000000000000000e+00 2.684088468551635742e+00
4.000000000000000000e+00 2.708360195159912109e+00
5.000000000000000000e+00 2.678262948989868164e+00
6.000000000000000000e+00 2.822597026824951172e+00
7.000000000000000000e+00 2.701614856719970703e+00
8.000000000000000000e+00 2.739211797714233398e+00
9.000000000000000000e+00 2.726819038391113281e+00
1.000000000000000000e+01 2.703903913497924805e+00
1.100000000000000000e+01 2.678810834884643555e+00
1.200000000000000000e+01 2.540248155593872070e+00
1.300000000000000000e+01 2.671330451965332031e+00
1.400000000000000000e+01 2.659005880355834961e+00
1.500000000000000000e+01 2.587622404098510742e+00
1.600000000000000000e+01 2.678141832351684570e+00
1.700000000000000000e+01 2.724393129348754883e+00
1.800000000000000000e+01 2.645662069320678711e+00
1.900000000000000000e+01 2.686534881591796875e+00
2.000000000000000000e+01 2.621015787124633789e+00
2.100000000000000000e+01 2.629352807998657227e+00
2.200000000000000000e+01 2.742661237716674805e+00
2.300000000000000000e+01 2.727082729339599609e+00
2.400000000000000000e+01 2.639510393142700195e+00
2.500000000000000000e+01 2.638322353363037109e+00
2.600000000000000000e+01 2.712305784225463867e+00
2.700000000000000000e+01 2.676656007766723633e+00
2.800000000000000000e+01 2.731785297393798828e+00
2.900000000000000000e+01 2.756165266036987305e+00
3.000000000000000000e+01 2.779631137847900391e+00
3.100000000000000000e+01 2.717194557189941406e+00
3.200000000000000000e+01 2.729955196380615234e+00
3.300000000000000000e+01 2.675904273986816406e+00
3.400000000000000000e+01 2.786371469497680664e+00
3.500000000000000000e+01 2.757932662963867188e+00
3.600000000000000000e+01 2.756267786026000977e+00
3.700000000000000000e+01 2.637838363647460938e+00
3.800000000000000000e+01 2.725694656372070312e+00
3.900000000000000000e+01 2.686468839645385742e+00
4.000000000000000000e+01 2.749266386032104492e+00
4.100000000000000000e+01 2.662135601043701172e+00
4.200000000000000000e+01 2.674442768096923828e+00
4.300000000000000000e+01 2.735573530197143555e+00
4.400000000000000000e+01 2.666554927825927734e+00
4.500000000000000000e+01 2.721773386001586914e+00
4.600000000000000000e+01 2.684901714324951172e+00
4.700000000000000000e+01 2.674846887588500977e+00
4.800000000000000000e+01 2.694374084472656250e+00
4.900000000000000000e+01 2.727933168411254883e+00
5.000000000000000000e+01 2.700716018676757812e+00
5.100000000000000000e+01 2.614367246627807617e+00
5.200000000000000000e+01 2.746664524078369141e+00
5.300000000000000000e+01 2.778059005737304688e+00
5.400000000000000000e+01 2.669916391372680664e+00
5.500000000000000000e+01 2.734200000762939453e+00
5.600000000000000000e+01 2.688428878784179688e+00
5.700000000000000000e+01 2.777986288070678711e+00
5.800000000000000000e+01 2.677002906799316406e+00
5.900000000000000000e+01 2.764496088027954102e+00
6.000000000000000000e+01 2.723425865173339844e+00
6.100000000000000000e+01 2.662506103515625000e+00
6.200000000000000000e+01 2.735091209411621094e+00
6.300000000000000000e+01 2.651843786239624023e+00
6.400000000000000000e+01 2.723010540008544922e+00
6.500000000000000000e+01 2.699152946472167969e+00
6.600000000000000000e+01 2.738354206085205078e+00
6.700000000000000000e+01 2.731278896331787109e+00
6.800000000000000000e+01 2.623206853866577148e+00
6.900000000000000000e+01 2.729352951049804688e+00
7.000000000000000000e+01 2.686176776885986328e+00
7.100000000000000000e+01 2.711342811584472656e+00
7.200000000000000000e+01 2.700749158859252930e+00
7.300000000000000000e+01 2.741645097732543945e+00
7.400000000000000000e+01 2.822981357574462891e+00
7.500000000000000000e+01 2.848932743072509766e+00
7.600000000000000000e+01 2.772072315216064453e+00
7.700000000000000000e+01 2.778920412063598633e+00
7.800000000000000000e+01 2.718050718307495117e+00
7.900000000000000000e+01 2.737842798233032227e+00
8.000000000000000000e+01 2.699105739593505859e+00
8.100000000000000000e+01 2.645205497741699219e+00
8.200000000000000000e+01 2.676123619079589844e+00
8.300000000000000000e+01 2.721988916397094727e+00
8.400000000000000000e+01 2.805653095245361328e+00
8.500000000000000000e+01 2.743622303009033203e+00
8.600000000000000000e+01 2.737830877304077148e+00
8.700000000000000000e+01 2.690013408660888672e+00
8.800000000000000000e+01 2.671399831771850586e+00
8.900000000000000000e+01 2.716593265533447266e+00
9.000000000000000000e+01 2.648437023162841797e+00
9.100000000000000000e+01 2.708278179168701172e+00
9.200000000000000000e+01 2.670877218246459961e+00
9.300000000000000000e+01 2.700148820877075195e+00
9.400000000000000000e+01 2.729082822799682617e+00
9.500000000000000000e+01 2.719779491424560547e+00
9.600000000000000000e+01 2.765587329864501953e+00
9.700000000000000000e+01 2.674361467361450195e+00
9.800000000000000000e+01 2.710063695907592773e+00
9.900000000000000000e+01 2.709984064102172852e+00
