0.000000000000000000e+00 2.590031147003173828e+00
1.000000000000000000e+00 2.578076124191284180e+00
2.000000000000000000e+00 2.624228954315185547e+00
3.000000000000000000e+00 2.600909948348999023e+00
4.000000000000000000e+00 2.695731401443481445e+00
5.000000000000000000e+00 2.497644901275634766e+00
6.000000000000000000e+00 2.564332962036132812e+00
7.000000000000000000e+00 2.476989269256591797e+00
8.000000000000000000e+00 2.512706279754638672e+00
9.000000000000000000e+00 2.540590763092041016e+00
1.000000000000000000e+01 2.595551967620849609e+00
1.100000000000000000e+01 2.647229671478271484e+00
1.200000000000000000e+01 2.643295288085937500e+00
1.300000000000000000e+01 2.592281103134155273e+00
1.400000000000000000e+01 2.602176189422607422e+00
1.500000000000000000e+01 2.650707721710205078e+00
1.600000000000000000e+01 2.685265779495239258e+00
1.700000000000000000e+01 2.709511756896972656e+00
1.800000000000000000e+01 2.698626756668090820e+00
1.900000000000000000e+01 2.655860900878906250e+00
2.000000000000000000e+01 2.692432165145874023e+00
2.100000000000000000e+01 2.540540456771850586e+00
2.200000000000000000e+01 2.589739561080932617e+00
2.300000000000000000e+01 2.571885347366333008e+00
2.400000000000000000e+01 2.613707542419433594e+00
2.500000000000000000e+01 2.582519292831420898e+00
2.600000000000000000e+01 2.577116966247558594e+00
2.700000000000000000e+01 2.595241308212280273e+00
2.800000000000000000e+01 2.566799640655517578e+00
2.900000000000000000e+01 2.613864421844482422e+00
3.000000000000000000e+01 2.653068065643310547e+00
3.100000000000000000e+01 2.620293378829956055e+00
3.200000000000000000e+01 2.515822410583496094e+00
3.300000000000000000e+01 2.593966722488403320e+00
3.400000000000000000e+01 2.682689905166625977e+00
3.500000000000000000e+01 2.559888124465942383e+00
3.600000000000000000e+01 2.614994049072265625e+00
3.700000000000000000e+01 2.620236158370971680e+00
3.800000000000000000e+01 2.663088798522949219e+00
3.900000000000000000e+01 2.691498994827270508e+00
4.000000000000000000e+01 2.610146284103393555e+00
4.100000000000000000e+01 2.631498813629150391e+00
4.200000000000000000e+01 2.601295471191406250e+00
4.300000000000000000e+01 2.599988698959350586e+00
4.400000000000000000e+01 2.455316543579101562e+00
4.500000000000000000e+01 2.609733343124389648e+00
4.600000000000000000e+01 2.545526742935180664e+00
4.700000000000000000e+01 2.563937902450561523e+00
4.800000000000000000e+01 2.605561256408691406e+00
4.900000000000000000e+01 2.547502279281616211e+00
5.000000000000000000e+01 2.645519018173217773e+00
5.100000000000000000e+01 2.559136867523193359e+00
5.200000000000000000e+01 2.569354057312011719e+00
5.300000000000000000e+01 2.601611375808715820e+00
5.400000000000000000e+01 2.600168466567993164e+00
5.500000000000000000e+01 2.598056554794311523e+00
5.600000000000000000e+01 2.588155031204223633e+00
5.700000000000000000e+01 2.558914422988891602e+00
5.800000000000000000e+01 2.564658880233764648e+00
5.900000000000000000e+01 2.613151788711547852e+00
6.000000000000000000e+01 2.609983921051025391e+00
6.100000000000000000e+01 2.575237274169921875e+00
6.200000000000000000e+01 2.679811716079711914e+00
6.300000000000000000e+01 2.549209356307983398e+00
6.400000000000000000e+01 2.665617227554321289e+00
6.500000000000000000e+01 2.771344900131225586e+00
6.600000000000000000e+01 2.603252887725830078e+00
6.700000000000000000e+01 2.565151453018188477e+00
6.800000000000000000e+01 2.629810094833374023e+00
6.900000000000000000e+01 2.694568872451782227e+00
7.000000000000000000e+01 2.646192550659179688e+00
7.100000000000000000e+01 2.677038669586181641e+00
7.200000000000000000e+01 2.573975086212158203e+00
7.300000000000000000e+01 2.580103158950805664e+00
7.400000000000000000e+01 2.601698637008666992e+00
7.500000000000000000e+01 2.537484407424926758e+00
7.600000000000000000e+01 2.634635686874389648e+00
7.700000000000000000e+01 2.620431900024414062e+00
7.800000000000000000e+01 2.535825729370117188e+00
7.900000000000000000e+01 2.699140071868896484e+00
8.000000000000000000e+01 2.609677076339721680e+00
8.100000000000000000e+01 2.657014131546020508e+00
8.200000000000000000e+01 2.634215831756591797e+00
8.300000000000000000e+01 2.677483320236206055e+00
8.400000000000000000e+01 2.657153367996215820e+00
8.500000000000000000e+01 2.601886272430419922e+00
8.600000000000000000e+01 2.508016109466552734e+00
8.700000000000000000e+01 2.567415475845336914e+00
8.800000000000000000e+01 2.637555360794067383e+00
8.900000000000000000e+01 2.568847179412841797e+00
9.000000000000000000e+01 2.570189476013183594e+00
9.100000000000000000e+01 2.569539070129394531e+00
9.200000000000000000e+01 2.681615352630615234e+00
9.300000000000000000e+01 2.635754346847534180e+00
9.400000000000000000e+01 2.520040750503540039e+00
9.500000000000000000e+01 2.605472803115844727e+00
9.600000000000000000e+01 2.614294052124023438e+00
9.700000000000000000e+01 2.604269266128540039e+00
9.800000000000000000e+01 2.640351295471191406e+00
9.900000000000000000e+01 2.697344303131103516e+00
