0.000000000000000000e+00 2.218923330307006836e+00
1.000000000000000000e+00 2.380796194076538086e+00
2.000000000000000000e+00 2.319299936294555664e+00
3.000000000000000000e+00 2.444674491882324219e+00
4.000000000000000000e+00 2.406090021133422852e+00
5.000000000000000000e+00 2.419400453567504883e+00
6.000000000000000000e+00 2.486802816390991211e+00
7.000000000000000000e+00 2.398573398590087891e+00
8.000000000000000000e+00 2.454347372055053711e+00
9.000000000000000000e+00 2.438954830169677734e+00
1.000000000000000000e+01 2.438423633575439453e+00
1.100000000000000000e+01 2.326454162597656250e+00
1.200000000000000000e+01 2.500032186508178711e+00
1.300000000000000000e+01 2.312519788742065430e+00
1.400000000000000000e+01 2.346061229705810547e+00
1.500000000000000000e+01 2.392952919006347656e+00
1.600000000000000000e+01 2.417746067047119141e+00
1.700000000000000000e+01 2.462736368179321289e+00
1.800000000000000000e+01 2.408787965774536133e+00
1.900000000000000000e+01 2.369418382644653320e+00
2.000000000000000000e+01 2.246630907058715820e+00
2.100000000000000000e+01 2.321790218353271484e+00
2.200000000000000000e+01 2.394053220748901367e+00
2.300000000000000000e+01 2.398085594177246094e+00
2.400000000000000000e+01 2.407307386398315430e+00
2.500000000000000000e+01 2.349159479141235352e+00
2.600000000000000000e+01 2.382138490676879883e+00
2.700000000000000000e+01 2.278025388717651367e+00
2.800000000000000000e+01 2.352028369903564453e+00
2.900000000000000000e+01 2.402506351470947266e+00
3.000000000000000000e+01 2.339936256408691406e+00
3.100000000000000000e+01 2.409646749496459961e+00
3.200000000000000000e+01 2.481128215789794922e+00
3.300000000000000000e+01 2.329638242721557617e+00
3.400000000000000000e+01 2.400396347045898438e+00
3.500000000000000000e+01 2.457214593887329102e+00
3.600000000000000000e+01 2.377804040908813477e+00
3.700000000000000000e+01 2.418630838394165039e+00
3.800000000000000000e+01 2.415448904037475586e+00
3.900000000000000000e+01 2.597195863723754883e+00
4.000000000000000000e+01 2.479196786880493164e+00
4.100000000000000000e+01 2.371531724929809570e+00
4.200000000000000000e+01 2.450047492980957031e+00
4.300000000000000000e+01 2.453123331069946289e+00
4.400000000000000000e+01 2.469392538070678711e+00
4.500000000000000000e+01 2.397296667098999023e+00
4.600000000000000000e+01 2.416105747222900391e+00
4.700000000000000000e+01 2.442828655242919922e+00
4.800000000000000000e+01 2.509980440139770508e+00
4.900000000000000000e+01 2.437875986099243164e+00
5.000000000000000000e+01 2.388217687606811523e+00
5.100000000000000000e+01 2.438936948776245117e+00
5.200000000000000000e+01 2.391392469406127930e+00
5.300000000000000000e+01 2.453235387802124023e+00
5.400000000000000000e+01 2.456200122833251953e+00
5.500000000000000000e+01 2.451484918594360352e+00
5.600000000000000000e+01 2.397819519042968750e+00
5.700000000000000000e+01 2.461827754974365234e+00
5.800000000000000000e+01 2.466884613037109375e+00
5.900000000000000000e+01 2.406105995178222656e+00
6.000000000000000000e+01 2.361411094665527344e+00
6.100000000000000000e+01 2.387584924697875977e+00
6.200000000000000000e+01 2.362888097763061523e+00
6.300000000000000000e+01 2.314934253692626953e+00
6.400000000000000000e+01 2.474853038787841797e+00
6.500000000000000000e+01 2.507925271987915039e+00
6.600000000000000000e+01 2.382184743881225586e+00
6.700000000000000000e+01 2.426656484603881836e+00
6.800000000000000000e+01 2.368359327316284180e+00
6.900000000000000000e+01 2.425751447677612305e+00
7.000000000000000000e+01 2.448670148849487305e+00
7.100000000000000000e+01 2.439347267150878906e+00
7.200000000000000000e+01 2.393675804138183594e+00
7.300000000000000000e+01 2.423688650131225586e+00
7.400000000000000000e+01 2.296961784362792969e+00
7.500000000000000000e+01 2.509225606918334961e+00
7.600000000000000000e+01 2.464147806167602539e+00
7.700000000000000000e+01 2.366252660751342773e+00
7.800000000000000000e+01 2.331164121627807617e+00
7.900000000000000000e+01 2.330941438674926758e+00
8.000000000000000000e+01 2.361381769180297852e+00
8.100000000000000000e+01 2.369085073471069336e+00
8.200000000000000000e+01 2.354106903076171875e+00
8.300000000000000000e+01 2.409829616546630859e+00
8.400000000000000000e+01 2.360028028488159180e+00
8.500000000000000000e+01 2.373437166213989258e+00
8.600000000000000000e+01 2.397082328796386719e+00
8.700000000000000000e+01 2.401240587234497070e+00
8.800000000000000000e+01 2.447239398956298828e+00
8.900000000000000000e+01 2.278575420379638672e+00
9.000000000000000000e+01 2.401781558990478516e+00
9.100000000000000000e+01 2.315156221389770508e+00
9.200000000000000000e+01 2.343080759048461914e+00
9.300000000000000000e+01 2.340119123458862305e+00
9.400000000000000000e+01 2.480009794235229492e+00
9.500000000000000000e+01 2.525618553161621094e+00
9.600000000000000000e+01 2.447922706604003906e+00
9.700000000000000000e+01 2.466095685958862305e+00
9.800000000000000000e+01 2.420947313308715820e+00
9.900000000000000000e+01 2.425801038742065430e+00
