0.000000000000000000e+00 1.996599555015563965e+00
1.000000000000000000e+00 2.150101661682128906e+00
2.000000000000000000e+00 2.098647117614746094e+00
3.000000000000000000e+00 2.008670330047607422e+00
4.000000000000000000e+00 1.986072540283203125e+00
5.000000000000000000e+00 2.103170871734619141e+00
6.000000000000000000e+00 2.064887523651123047e+00
7.000000000000000000e+00 2.043526887893676758e+00
8.000000000000000000e+00 1.988737344741821289e+00
9.000000000000000000e+00 2.053336143493652344e+00
1.000000000000000000e+01 2.034973621368408203e+00
1.100000000000000000e+01 1.995226860046386719e+00
1.200000000000000000e+01 2.054490566253662109e+00
1.300000000000000000e+01 2.011456489562988281e+00
1.400000000000000000e+01 1.993640422821044922e+00
1.500000000000000000e+01 2.039842128753662109e+00
1.600000000000000000e+01 2.082133769989013672e+00
1.700000000000000000e+01 2.002258777618408203e+00
1.800000000000000000e+01 2.090828657150268555e+00
1.900000000000000000e+01 2.014988899230957031e+00
2.000000000000000000e+01 2.069663286209106445e+00
2.100000000000000000e+01 2.044593095779418945e+00
2.200000000000000000e+01 2.014004230499267578e+00
2.300000000000000000e+01 2.028285503387451172e+00
2.400000000000000000e+01 2.030013799667358398e+00
2.500000000000000000e+01 2.072256565093994141e+00
2.600000000000000000e+01 2.036690711975097656e+00
2.700000000000000000e+01 1.944166898727416992e+00
2.800000000000000000e+01 2.022743701934814453e+00
2.900000000000000000e+01 1.982690572738647461e+00
3.000000000000000000e+01 2.023018360137939453e+00
3.100000000000000000e+01 2.007561683654785156e+00
3.200000000000000000e+01 2.000935554504394531e+00
3.300000000000000000e+01 2.061747550964355469e+00
3.400000000000000000e+01 2.090936422348022461e+00
3.500000000000000000e+01 2.004528522491455078e+00
3.600000000000000000e+01 2.080213308334350586e+00
3.700000000000000000e+01 2.031809091567993164e+00
3.800000000000000000e+01 1.975968003273010254e+00
3.900000000000000000e+01 2.014769554138183594e+00
4.000000000000000000e+01 1.989003539085388184e+00
4.100000000000000000e+01 1.947333216667175293e+00
4.200000000000000000e+01 2.037792682647705078e+00
4.300000000000000000e+01 2.056375741958618164e+00
4.400000000000000000e+01 2.062555313110351562e+00
4.500000000000000000e+01 2.063146352767944336e+00
4.600000000000000000e+01 2.016687154769897461e+00
4.700000000000000000e+01 2.075893402099609375e+00
4.800000000000000000e+01 2.044044494628906250e+00
4.900000000000000000e+01 2.114977836608886719e+00
5.000000000000000000e+01 2.011555433273315430e+00
5.100000000000000000e+01 2.038938760757446289e+00
5.200000000000000000e+01 1.950752258300781250e+00
5.300000000000000000e+01 1.990715980529785156e+00
5.400000000000000000e+01 2.012823104858398438e+00
5.500000000000000000e+01 2.067996263504028320e+00
5.600000000000000000e+01 2.056767225265502930e+00
5.700000000000000000e+01 2.063417196273803711e+00
5.800000000000000000e+01 2.015823125839233398e+00
5.900000000000000000e+01 2.080817937850952148e+00
6.000000000000000000e+01 2.028295040130615234e+00
6.100000000000000000e+01 2.055780887603759766e+00
6.200000000000000000e+01 2.112678289413452148e+00
6.300000000000000000e+01 2.041308403015136719e+00
6.400000000000000000e+01 2.099727630615234375e+00
6.500000000000000000e+01 2.063961744308471680e+00
6.600000000000000000e+01 1.979540586471557617e+00
6.700000000000000000e+01 2.072002410888671875e+00
6.800000000000000000e+01 2.035934209823608398e+00
6.900000000000000000e+01 2.062736749649047852e+00
7.000000000000000000e+01 2.086095333099365234e+00
7.100000000000000000e+01 2.074878215789794922e+00
7.200000000000000000e+01 1.979652047157287598e+00
7.300000000000000000e+01 1.995125412940979004e+00
7.400000000000000000e+01 2.015783309936523438e+00
7.500000000000000000e+01 1.963778376579284668e+00
7.600000000000000000e+01 2.029152393341064453e+00
7.700000000000000000e+01 2.041549444198608398e+00
7.800000000000000000e+01 2.049365282058715820e+00
7.900000000000000000e+01 2.086934328079223633e+00
8.000000000000000000e+01 2.057354211807250977e+00
8.100000000000000000e+01 2.139181852340698242e+00
8.200000000000000000e+01 2.059770107269287109e+00
8.300000000000000000e+01 2.089923858642578125e+00
8.400000000000000000e+01 1.993261933326721191e+00
8.500000000000000000e+01 2.065671205520629883e+00
8.600000000000000000e+01 2.126195669174194336e+00
8.700000000000000000e+01 2.014554738998413086e+00
8.800000000000000000e+01 2.061893939971923828e+00
8.900000000000000000e+01 2.066581964492797852e+00
9.000000000000000000e+01 2.042349815368652344e+00
9.100000000000000000e+01 2.022789239883422852e+00
9.200000000000000000e+01 2.114813804626464844e+00
9.300000000000000000e+01 2.108387470245361328e+00
9.400000000000000000e+01 2.069231748580932617e+00
9.500000000000000000e+01 1.983316183090209961e+00
9.600000000000000000e+01 2.111630678176879883e+00
9.700000000000000000e+01 2.116687536239624023e+00
9.800000000000000000e+01 2.065443754196166992e+00
9.900000000000000000e+01 2.059167146682739258e+00
