0.000000000000000000e+00 2.290133476257324219e+00
1.000000000000000000e+00 2.281627893447875977e+00
2.000000000000000000e+00 2.209518909454345703e+00
3.000000000000000000e+00 2.297917127609252930e+00
4.000000000000000000e+00 2.239323139190673828e+00
5.000000000000000000e+00 2.210893630981445312e+00
6.000000000000000000e+00 2.295248270034790039e+00
7.000000000000000000e+00 2.291009902954101562e+00
8.000000000000000000e+00 2.306328296661376953e+00
9.000000000000000000e+00 2.327273845672607422e+00
1.000000000000000000e+01 2.329659223556518555e+00
1.100000000000000000e+01 2.275330066680908203e+00
1.200000000000000000e+01 2.311481714248657227e+00
1.300000000000000000e+01 2.284516334533691406e+00
1.400000000000000000e+01 2.346071004867553711e+00
1.500000000000000000e+01 2.300704956054687500e+00
1.600000000000000000e+01 2.290765047073364258e+00
1.700000000000000000e+01 2.320387601852416992e+00
1.800000000000000000e+01 2.320775747299194336e+00
1.900000000000000000e+01 2.282220840454101562e+00
2.000000000000000000e+01 2.312419414520263672e+00
2.100000000000000000e+01 2.307971000671386719e+00
2.200000000000000000e+01 2.263007640838623047e+00
2.300000000000000000e+01 2.299922227859497070e+00
2.400000000000000000e+01 2.307724952697753906e+00
2.500000000000000000e+01 2.277413368225097656e+00
2.600000000000000000e+01 2.259542226791381836e+00
2.700000000000000000e+01 2.274000167846679688e+00
2.800000000000000000e+01 2.327735900878906250e+00
2.900000000000000000e+01 2.291658163070678711e+00
3.000000000000000000e+01 2.295209646224975586e+00
3.100000000000000000e+01 2.239641666412353516e+00
3.200000000000000000e+01 2.299858570098876953e+00
3.300000000000000000e+01 2.354518890380859375e+00
3.400000000000000000e+01 2.313010215759277344e+00
3.500000000000000000e+01 2.311198711395263672e+00
3.600000000000000000e+01 2.279797792434692383e+00
3.700000000000000000e+01 2.313678026199340820e+00
3.800000000000000000e+01 2.402523279190063477e+00
3.900000000000000000e+01 2.385972261428833008e+00
4.000000000000000000e+01 2.375070333480834961e+00
4.100000000000000000e+01 2.415305376052856445e+00
4.200000000000000000e+01 2.265041351318359375e+00
4.300000000000000000e+01 2.371404647827148438e+00
4.400000000000000000e+01 2.285466194152832031e+00
4.500000000000000000e+01 2.276916503906250000e+00
4.600000000000000000e+01 2.295066595077514648e+00
4.700000000000000000e+01 2.317611217498779297e+00
4.800000000000000000e+01 2.303927421569824219e+00
4.900000000000000000e+01 2.266615390777587891e+00
5.000000000000000000e+01 2.382426977157592773e+00
5.100000000000000000e+01 2.345154762268066406e+00
5.200000000000000000e+01 2.413667917251586914e+00
5.300000000000000000e+01 2.317395687103271484e+00
5.400000000000000000e+01 2.346673727035522461e+00
5.500000000000000000e+01 2.329341173171997070e+00
5.600000000000000000e+01 2.242746114730834961e+00
5.700000000000000000e+01 2.292119741439819336e+00
5.800000000000000000e+01 2.332633256912231445e+00
5.900000000000000000e+01 2.385150671005249023e+00
6.000000000000000000e+01 2.389176607131958008e+00
6.100000000000000000e+01 2.348649024963378906e+00
6.200000000000000000e+01 2.242762804031372070e+00
6.300000000000000000e+01 2.297386646270751953e+00
6.400000000000000000e+01 2.257633686065673828e+00
6.500000000000000000e+01 2.235094308853149414e+00
6.600000000000000000e+01 2.275952577590942383e+00
6.700000000000000000e+01 2.357335567474365234e+00
6.800000000000000000e+01 2.196424961090087891e+00
6.900000000000000000e+01 2.323661804199218750e+00
7.000000000000000000e+01 2.342929840087890625e+00
7.100000000000000000e+01 2.375545501708984375e+00
7.200000000000000000e+01 2.245499372482299805e+00
7.300000000000000000e+01 2.331524610519409180e+00
7.400000000000000000e+01 2.289560079574584961e+00
7.500000000000000000e+01 2.268344402313232422e+00
7.600000000000000000e+01 2.204533100128173828e+00
7.700000000000000000e+01 2.224782943725585938e+00
7.800000000000000000e+01 2.183222532272338867e+00
7.900000000000000000e+01 2.317924261093139648e+00
8.000000000000000000e+01 2.354032993316650391e+00
8.100000000000000000e+01 2.365494966506958008e+00
8.200000000000000000e+01 2.301697731018066406e+00
8.300000000000000000e+01 2.392943859100341797e+00
8.400000000000000000e+01 2.277076005935668945e+00
8.500000000000000000e+01 2.282839298248291016e+00
8.600000000000000000e+01 2.322831869125366211e+00
8.700000000000000000e+01 2.225693225860595703e+00
8.800000000000000000e+01 2.253768205642700195e+00
8.900000000000000000e+01 2.304731607437133789e+00
9.000000000000000000e+01 2.340738058090209961e+00
9.100000000000000000e+01 2.261124849319458008e+00
9.200000000000000000e+01 2.329950332641601562e+00
9.300000000000000000e+01 2.295582771301269531e+00
9.400000000000000000e+01 2.373033523559570312e+00
9.500000000000000000e+01 2.375281095504760742e+00
9.600000000000000000e+01 2.412243127822875977e+00
9.700000000000000000e+01 2.221451520919799805e+00
9.800000000000000000e+01 2.244877815246582031e+00
9.900000000000000000e+01 2.238088369369506836e+00
