0.000000000000000000e+00 2.965320825576782227e+00
1.000000000000000000e+00 2.882268667221069336e+00
2.000000000000000000e+00 2.823947429656982422e+00
3.000000000000000000e+00 2.948875904083251953e+00
4.000000000000000000e+00 2.844401121139526367e+00
5.000000000000000000e+00 2.915597200393676758e+00
6.000000000000000000e+00 2.979243040084838867e+00
7.000000000000000000e+00 2.850181341171264648e+00
8.000000000000000000e+00 3.020554304122924805e+00
9.000000000000000000e+00 2.893803119659423828e+00
1.000000000000000000e+01 2.918746709823608398e+00
1.100000000000000000e+01 2.830571174621582031e+00
1.200000000000000000e+01 2.857200622558593750e+00
1.300000000000000000e+01 2.919699192047119141e+00
1.400000000000000000e+01 2.863478899002075195e+00
1.500000000000000000e+01 2.936366319656372070e+00
1.600000000000000000e+01 2.932141304016113281e+00
1.700000000000000000e+01 2.954211711883544922e+00
1.800000000000000000e+01 2.966533899307250977e+00
1.900000000000000000e+01 2.906795501708984375e+00
2.000000000000000000e+01 3.048648595809936523e+00
2.100000000000000000e+01 2.988696336746215820e+00
2.200000000000000000e+01 2.940436363220214844e+00
2.300000000000000000e+01 2.911456346511840820e+00
2.400000000000000000e+01 2.967850446701049805e+00
2.500000000000000000e+01 2.941907882690429688e+00
2.600000000000000000e+01 2.901631355285644531e+00
2.700000000000000000e+01 2.880172014236450195e+00
2.800000000000000000e+01 2.910599708557128906e+00
2.900000000000000000e+01 2.887780427932739258e+00
3.000000000000000000e+01 2.947700738906860352e+00
3.100000000000000000e+01 2.878184080123901367e+00
3.200000000000000000e+01 2.935378551483154297e+00
3.300000000000000000e+01 2.931378126144409180e+00
3.400000000000000000e+01 2.978234052658081055e+00
3.500000000000000000e+01 3.027840137481689453e+00
3.600000000000000000e+01 2.950657129287719727e+00
3.700000000000000000e+01 2.829337358474731445e+00
3.800000000000000000e+01 2.947670698165893555e+00
3.900000000000000000e+01 2.853476762771606445e+00
4.000000000000000000e+01 2.983352184295654297e+00
4.100000000000000000e+01 2.936924219131469727e+00
4.200000000000000000e+01 2.959793567657470703e+00
4.300000000000000000e+01 2.840838193893432617e+00
4.400000000000000000e+01 2.949923038482666016e+00
4.500000000000000000e+01 2.966392517089843750e+00
4.600000000000000000e+01 2.875789880752563477e+00
4.700000000000000000e+01 2.928228855133056641e+00
4.800000000000000000e+01 2.873776197433471680e+00
4.900000000000000000e+01 3.012041091918945312e+00
5.000000000000000000e+01 3.009482622146606445e+00
5.100000000000000000e+01 2.811617136001586914e+00
5.200000000000000000e+01 2.959624528884887695e+00
5.300000000000000000e+01 2.905427455902099609e+00
5.400000000000000000e+01 2.930254220962524414e+00
5.500000000000000000e+01 2.909264326095581055e+00
5.600000000000000000e+01 2.890209674835205078e+00
5.700000000000000000e+01 2.868294477462768555e+00
5.800000000000000000e+01 2.821517229080200195e+00
5.900000000000000000e+01 2.922857046127319336e+00
6.000000000000000000e+01 2.871157169342041016e+00
6.100000000000000000e+01 2.890377044677734375e+00
6.200000000000000000e+01 2.932654857635498047e+00
6.300000000000000000e+01 2.878660917282104492e+00
6.400000000000000000e+01 2.975132226943969727e+00
6.500000000000000000e+01 2.943294525146484375e+00
6.600000000000000000e+01 2.945746898651123047e+00
6.700000000000000000e+01 2.931416034698486328e+00
6.800000000000000000e+01 2.935683012008666992e+00
6.900000000000000000e+01 2.902582883834838867e+00
7.000000000000000000e+01 2.871209621429443359e+00
7.100000000000000000e+01 2.805825710296630859e+00
7.200000000000000000e+01 2.929558992385864258e+00
7.300000000000000000e+01 2.901819229125976562e+00
7.400000000000000000e+01 2.876506090164184570e+00
7.500000000000000000e+01 3.000910043716430664e+00
7.600000000000000000e+01 2.916992902755737305e+00
7.700000000000000000e+01 2.919704437255859375e+00
7.800000000000000000e+01 2.920184850692749023e+00
7.900000000000000000e+01 2.868190050125122070e+00
8.000000000000000000e+01 2.973551750183105469e+00
8.100000000000000000e+01 2.987759113311767578e+00
8.200000000000000000e+01 2.893050909042358398e+00
8.300000000000000000e+01 2.932522773742675781e+00
8.400000000000000000e+01 2.963116407394409180e+00
8.500000000000000000e+01 2.894199371337890625e+00
8.600000000000000000e+01 2.872081518173217773e+00
8.700000000000000000e+01 2.954506874084472656e+00
8.800000000000000000e+01 2.991442918777465820e+00
8.900000000000000000e+01 2.882940769195556641e+00
9.000000000000000000e+01 2.910876274108886719e+00
9.100000000000000000e+01 2.873789310455322266e+00
9.200000000000000000e+01 2.920196294784545898e+00
9.300000000000000000e+01 2.878892898559570312e+00
9.400000000000000000e+01 2.878490686416625977e+00
9.500000000000000000e+01 2.894067525863647461e+00
9.600000000000000000e+01 2.952835798263549805e+00
9.700000000000000000e+01 2.872579097747802734e+00
9.800000000000000000e+01 2.923442840576171875e+00
9.900000000000000000e+01 2.922786235809326172e+00
