0.000000000000000000e+00 1.395879149436950684e+00
1.000000000000000000e+00 1.480854511260986328e+00
2.000000000000000000e+00 1.445278882980346680e+00
3.000000000000000000e+00 1.452543854713439941e+00
4.000000000000000000e+00 1.472201704978942871e+00
5.000000000000000000e+00 1.496803641319274902e+00
6.000000000000000000e+00 1.461632847785949707e+00
7.000000000000000000e+00 1.532853722572326660e+00
8.000000000000000000e+00 1.441383838653564453e+00
9.000000000000000000e+00 1.465413570404052734e+00
1.000000000000000000e+01 1.430681109428405762e+00
1.100000000000000000e+01 1.408545374870300293e+00
1.200000000000000000e+01 1.480550646781921387e+00
1.300000000000000000e+01 1.462218880653381348e+00
1.400000000000000000e+01 1.399532198905944824e+00
1.500000000000000000e+01 1.443924784660339355e+00
1.600000000000000000e+01 1.374832153320312500e+00
1.700000000000000000e+01 1.424949765205383301e+00
1.800000000000000000e+01 1.403934597969055176e+00
1.900000000000000000e+01 1.466311573982238770e+00
2.000000000000000000e+01 1.417296051979064941e+00
2.100000000000000000e+01 1.418395042419433594e+00
2.200000000000000000e+01 1.407940983772277832e+00
2.300000000000000000e+01 1.426342964172363281e+00
2.400000000000000000e+01 1.400802612304687500e+00
2.500000000000000000e+01 1.464988827705383301e+00
2.600000000000000000e+01 1.573476791381835938e+00
2.700000000000000000e+01 1.450598239898681641e+00
2.800000000000000000e+01 1.469700336456298828e+00
2.900000000000000000e+01 1.482828021049499512e+00
3.000000000000000000e+01 1.425154566764831543e+00
3.100000000000000000e+01 1.410627722740173340e+00
3.200000000000000000e+01 1.509782552719116211e+00
3.300000000000000000e+01 1.397806644439697266e+00
3.400000000000000000e+01 1.384788990020751953e+00
3.500000000000000000e+01 1.403076767921447754e+00
3.600000000000000000e+01 1.458157062530517578e+00
3.700000000000000000e+01 1.492611289024353027e+00
3.800000000000000000e+01 1.456903457641601562e+00
3.900000000000000000e+01 1.415982723236083984e+00
4.000000000000000000e+01 1.431897401809692383e+00
4.100000000000000000e+01 1.433914184570312500e+00
4.200000000000000000e+01 1.428884983062744141e+00
4.300000000000000000e+01 1.493898868560791016e+00
4.400000000000000000e+01 1.426738262176513672e+00
4.500000000000000000e+01 1.453502416610717773e+00
4.600000000000000000e+01 1.430801272392272949e+00
4.700000000000000000e+01 1.455179929733276367e+00
4.800000000000000000e+01 1.380038499832153320e+00
4.900000000000000000e+01 1.464660167694091797e+00
5.000000000000000000e+01 1.534722208976745605e+00
5.100000000000000000e+01 1.447856187820434570e+00
5.200000000000000000e+01 1.430732011795043945e+00
5.300000000000000000e+01 1.439445137977600098e+00
5.400000000000000000e+01 1.432039141654968262e+00
5.500000000000000000e+01 1.474741578102111816e+00
5.600000000000000000e+01 1.459784388542175293e+00
5.700000000000000000e+01 1.397448539733886719e+00
5.800000000000000000e+01 1.493901252746582031e+00
5.900000000000000000e+01 1.416030406951904297e+00
6.000000000000000000e+01 1.433905839920043945e+00
6.100000000000000000e+01 1.383013606071472168e+00
6.200000000000000000e+01 1.434994578361511230e+00
6.300000000000000000e+01 1.519106864929199219e+00
6.400000000000000000e+01 1.462409138679504395e+00
6.500000000000000000e+01 1.443036079406738281e+00
6.600000000000000000e+01 1.433739185333251953e+00
6.700000000000000000e+01 1.421703815460205078e+00
6.800000000000000000e+01 1.392700195312500000e+00
6.900000000000000000e+01 1.483925223350524902e+00
7.000000000000000000e+01 1.432622909545898438e+00
7.100000000000000000e+01 1.474044561386108398e+00
7.200000000000000000e+01 1.485779762268066406e+00
7.300000000000000000e+01 1.419452190399169922e+00
7.400000000000000000e+01 1.447604537010192871e+00
7.500000000000000000e+01 1.460757017135620117e+00
7.600000000000000000e+01 1.490964651107788086e+00
7.700000000000000000e+01 1.496271133422851562e+00
7.800000000000000000e+01 1.502153635025024414e+00
7.900000000000000000e+01 1.453288435935974121e+00
8.000000000000000000e+01 1.474268436431884766e+00
8.100000000000000000e+01 1.408606767654418945e+00
8.200000000000000000e+01 1.387696504592895508e+00
8.300000000000000000e+01 1.476127624511718750e+00
8.400000000000000000e+01 1.412985324859619141e+00
8.500000000000000000e+01 1.457299470901489258e+00
8.600000000000000000e+01 1.436527848243713379e+00
8.700000000000000000e+01 1.452279567718505859e+00
8.800000000000000000e+01 1.446712851524353027e+00
8.900000000000000000e+01 1.421628117561340332e+00
9.000000000000000000e+01 1.466491460800170898e+00
9.100000000000000000e+01 1.546157479286193848e+00
9.200000000000000000e+01 1.465871930122375488e+00
9.300000000000000000e+01 1.415478348731994629e+00
9.400000000000000000e+01 1.440509676933288574e+00
9.500000000000000000e+01 1.452756643295288086e+00
9.600000000000000000e+01 1.439947247505187988e+00
9.700000000000000000e+01 1.405807137489318848e+00
9.800000000000000000e+01 1.401692867279052734e+00
9.900000000000000000e+01 1.463954210281372070e+00
