0.000000000000000000e+00 2.287465572357177734e+00
1.000000000000000000e+00 2.233351230621337891e+00
2.000000000000000000e+00 2.201213359832763672e+00
3.000000000000000000e+00 2.220761299133300781e+00
4.000000000000000000e+00 2.190697431564331055e+00
5.000000000000000000e+00 2.208788871765136719e+00
6.000000000000000000e+00 2.234517335891723633e+00
7.000000000000000000e+00 2.142192602157592773e+00
8.000000000000000000e+00 2.194767475128173828e+00
9.000000000000000000e+00 2.193793535232543945e+00
1.000000000000000000e+01 2.133310079574584961e+00
1.100000000000000000e+01 2.207922697067260742e+00
1.200000000000000000e+01 2.159672498703002930e+00
1.300000000000000000e+01 2.133362770080566406e+00
1.400000000000000000e+01 2.200986385345458984e+00
1.500000000000000000e+01 2.144479751586914062e+00
1.600000000000000000e+01 2.170078754425048828e+00
1.700000000000000000e+01 2.161857604980468750e+00
1.800000000000000000e+01 2.217222690582275391e+00
1.900000000000000000e+01 2.217863321304321289e+00
2.000000000000000000e+01 2.170541286468505859e+00
2.100000000000000000e+01 2.167545795440673828e+00
2.200000000000000000e+01 2.155217647552490234e+00
2.300000000000000000e+01 2.188900947570800781e+00
2.400000000000000000e+01 2.224962949752807617e+00
2.500000000000000000e+01 2.212788105010986328e+00
2.600000000000000000e+01 2.212765216827392578e+00
2.700000000000000000e+01 2.120313882827758789e+00
2.800000000000000000e+01 2.215699911117553711e+00
2.900000000000000000e+01 2.134383916854858398e+00
3.000000000000000000e+01 2.195756673812866211e+00
3.100000000000000000e+01 2.123117685317993164e+00
3.200000000000000000e+01 2.303189277648925781e+00
3.300000000000000000e+01 2.335981369018554688e+00
3.400000000000000000e+01 2.189077615737915039e+00
3.500000000000000000e+01 2.221889495849609375e+00
3.600000000000000000e+01 2.191407442092895508e+00
3.700000000000000000e+01 2.170938014984130859e+00
3.800000000000000000e+01 2.210386276245117188e+00
3.900000000000000000e+01 2.127052068710327148e+00
4.000000000000000000e+01 2.259462833404541016e+00
4.100000000000000000e+01 2.135658740997314453e+00
4.200000000000000000e+01 2.238345384597778320e+00
4.300000000000000000e+01 2.196020364761352539e+00
4.400000000000000000e+01 2.177955389022827148e+00
4.500000000000000000e+01 2.267311573028564453e+00
4.600000000000000000e+01 2.346029043197631836e+00
4.700000000000000000e+01 2.233718633651733398e+00
4.800000000000000000e+01 2.181840419769287109e+00
4.900000000000000000e+01 2.246232271194458008e+00
5.000000000000000000e+01 2.144299030303955078e+00
5.100000000000000000e+01 2.256875276565551758e+00
5.200000000000000000e+01 2.138076782226562500e+00
5.300000000000000000e+01 2.203665494918823242e+00
5.400000000000000000e+01 2.312201499938964844e+00
5.500000000000000000e+01 2.218896150588989258e+00
5.600000000000000000e+01 2.336510896682739258e+00
5.700000000000000000e+01 2.240144729614257812e+00
5.800000000000000000e+01 2.138792991638183594e+00
5.900000000000000000e+01 2.172900438308715820e+00
6.000000000000000000e+01 2.162758350372314453e+00
6.100000000000000000e+01 2.130293607711791992e+00
6.200000000000000000e+01 2.191322088241577148e+00
6.300000000000000000e+01 2.209022521972656250e+00
6.400000000000000000e+01 2.233211994171142578e+00
6.500000000000000000e+01 2.110239744186401367e+00
6.600000000000000000e+01 2.220750570297241211e+00
6.700000000000000000e+01 2.165776252746582031e+00
6.800000000000000000e+01 2.135602235794067383e+00
6.900000000000000000e+01 2.182738065719604492e+00
7.000000000000000000e+01 2.115529775619506836e+00
7.100000000000000000e+01 2.151295661926269531e+00
7.200000000000000000e+01 2.209818840026855469e+00
7.300000000000000000e+01 2.192224264144897461e+00
7.400000000000000000e+01 2.227300643920898438e+00
7.500000000000000000e+01 2.257370948791503906e+00
7.600000000000000000e+01 2.170212268829345703e+00
7.700000000000000000e+01 2.152555942535400391e+00
7.800000000000000000e+01 2.131891727447509766e+00
7.900000000000000000e+01 2.178697347640991211e+00
8.000000000000000000e+01 2.257155179977416992e+00
8.100000000000000000e+01 2.291391611099243164e+00
8.200000000000000000e+01 2.071166276931762695e+00
8.300000000000000000e+01 2.196002244949340820e+00
8.400000000000000000e+01 2.184708833694458008e+00
8.500000000000000000e+01 2.196026086807250977e+00
8.600000000000000000e+01 2.232366323471069336e+00
8.700000000000000000e+01 2.216579914093017578e+00
8.800000000000000000e+01 2.153057813644409180e+00
8.900000000000000000e+01 2.191290616989135742e+00
9.000000000000000000e+01 2.109022855758666992e+00
9.100000000000000000e+01 2.230169296264648438e+00
9.200000000000000000e+01 2.178291082382202148e+00
9.300000000000000000e+01 2.222118616104125977e+00
9.400000000000000000e+01 2.203889369964599609e+00
9.500000000000000000e+01 2.213588714599609375e+00
9.600000000000000000e+01 2.167514324188232422e+00
9.700000000000000000e+01 2.207213401794433594e+00
9.800000000000000000e+01 2.144045114517211914e+00
9.900000000000000000e+01 2.276777982711791992e+00
