0.000000000000000000e+00 3.141279458999633789e+00
1.000000000000000000e+00 3.100280523300170898e+00
2.000000000000000000e+00 3.087580919265747070e+00
3.000000000000000000e+00 3.131299495697021484e+00
4.000000000000000000e+00 3.061152935028076172e+00
5.000000000000000000e+00 3.128368139266967773e+00
6.000000000000000000e+00 3.007574558258056641e+00
7.000000000000000000e+00 3.046359062194824219e+00
8.000000000000000000e+00 3.138040304183959961e+00
9.000000000000000000e+00 3.050395488739013672e+00
1.000000000000000000e+01 3.129456281661987305e+00
1.100000000000000000e+01 3.174554824829101562e+00
1.200000000000000000e+01 3.163487434387207031e+00
1.300000000000000000e+01 3.077969312667846680e+00
1.400000000000000000e+01 3.117247104644775391e+00
1.500000000000000000e+01 3.085000514984130859e+00
1.600000000000000000e+01 3.080754995346069336e+00
1.700000000000000000e+01 3.013366699218750000e+00
1.800000000000000000e+01 3.058825016021728516e+00
1.900000000000000000e+01 3.112573862075805664e+00
2.000000000000000000e+01 3.060771226882934570e+00
2.100000000000000000e+01 3.121994256973266602e+00
2.200000000000000000e+01 3.014494895935058594e+00
2.300000000000000000e+01 3.119840621948242188e+00
2.400000000000000000e+01 3.064079761505126953e+00
2.500000000000000000e+01 3.086900711059570312e+00
2.600000000000000000e+01 3.051292181015014648e+00
2.700000000000000000e+01 3.133380889892578125e+00
2.800000000000000000e+01 3.050132751464843750e+00
2.900000000000000000e+01 3.085223913192749023e+00
3.000000000000000000e+01 3.120332241058349609e+00
3.100000000000000000e+01 3.063067913055419922e+00
3.200000000000000000e+01 3.116100072860717773e+00
3.300000000000000000e+01 3.152636051177978516e+00
3.400000000000000000e+01 3.067060947418212891e+00
3.500000000000000000e+01 3.079666852951049805e+00
3.600000000000000000e+01 3.084360361099243164e+00
3.700000000000000000e+01 2.995640754699707031e+00
3.800000000000000000e+01 3.094609498977661133e+00
3.900000000000000000e+01 3.019033908843994141e+00
4.000000000000000000e+01 3.075562238693237305e+00
4.100000000000000000e+01 3.153070688247680664e+00
4.200000000000000000e+01 3.025199651718139648e+00
4.300000000000000000e+01 3.020210504531860352e+00
4.400000000000000000e+01 3.056210756301879883e+00
4.500000000000000000e+01 3.153103351593017578e+00
4.600000000000000000e+01 3.055531740188598633e+00
4.700000000000000000e+01 3.080936908721923828e+00
4.800000000000000000e+01 3.078198909759521484e+00
4.900000000000000000e+01 3.070909023284912109e+00
5.000000000000000000e+01 3.065467357635498047e+00
5.100000000000000000e+01 3.032917737960815430e+00
5.200000000000000000e+01 3.114073038101196289e+00
5.300000000000000000e+01 3.052705049514770508e+00
5.400000000000000000e+01 3.122678995132446289e+00
5.500000000000000000e+01 3.090038537979125977e+00
5.600000000000000000e+01 3.031753540039062500e+00
5.700000000000000000e+01 2.988575220108032227e+00
5.800000000000000000e+01 3.132690668106079102e+00
5.900000000000000000e+01 3.066405773162841797e+00
6.000000000000000000e+01 3.021269798278808594e+00
6.100000000000000000e+01 3.065836668014526367e+00
6.200000000000000000e+01 3.110171794891357422e+00
6.300000000000000000e+01 3.106604576110839844e+00
6.400000000000000000e+01 3.089028596878051758e+00
6.500000000000000000e+01 3.163103818893432617e+00
6.600000000000000000e+01 3.071082115173339844e+00
6.700000000000000000e+01 3.050140619277954102e+00
6.800000000000000000e+01 3.063824653625488281e+00
6.900000000000000000e+01 3.120520114898681641e+00
7.000000000000000000e+01 3.005187749862670898e+00
7.100000000000000000e+01 3.024084806442260742e+00
7.200000000000000000e+01 3.041233777999877930e+00
7.300000000000000000e+01 3.086237192153930664e+00
7.400000000000000000e+01 2.978572845458984375e+00
7.500000000000000000e+01 3.120083808898925781e+00
7.600000000000000000e+01 3.145809650421142578e+00
7.700000000000000000e+01 3.127808094024658203e+00
7.800000000000000000e+01 3.053612709045410156e+00
7.900000000000000000e+01 3.153985261917114258e+00
8.000000000000000000e+01 3.103085041046142578e+00
8.100000000000000000e+01 3.120200157165527344e+00
8.200000000000000000e+01 3.048243045806884766e+00
8.300000000000000000e+01 3.029036045074462891e+00
8.400000000000000000e+01 3.091489315032958984e+00
8.500000000000000000e+01 3.086228847503662109e+00
8.600000000000000000e+01 3.083358526229858398e+00
8.700000000000000000e+01 3.148608207702636719e+00
8.800000000000000000e+01 3.179830551147460938e+00
8.900000000000000000e+01 3.059976339340209961e+00
9.000000000000000000e+01 3.104701757431030273e+00
9.100000000000000000e+01 3.052766323089599609e+00
9.200000000000000000e+01 3.003278017044067383e+00
9.300000000000000000e+01 3.059023618698120117e+00
9.400000000000000000e+01 3.116952180862426758e+00
9.500000000000000000e+01 3.021259069442749023e+00
9.600000000000000000e+01 3.069581031799316406e+00
9.700000000000000000e+01 3.084746837615966797e+00
9.800000000000000000e+01 3.094899654388427734e+00
9.900000000000000000e+01 3.035870075225830078e+00
