0.000000000000000000e+00 3.148768663406372070e+00
1.000000000000000000e+00 3.153881788253784180e+00
2.000000000000000000e+00 3.103988409042358398e+00
3.000000000000000000e+00 3.216599464416503906e+00
4.000000000000000000e+00 3.133938312530517578e+00
5.000000000000000000e+00 3.215551614761352539e+00
6.000000000000000000e+00 3.163829088211059570e+00
7.000000000000000000e+00 3.158131837844848633e+00
8.000000000000000000e+00 3.203264474868774414e+00
9.000000000000000000e+00 3.227833747863769531e+00
1.000000000000000000e+01 3.148340463638305664e+00
1.100000000000000000e+01 3.178112030029296875e+00
1.200000000000000000e+01 3.062343835830688477e+00
1.300000000000000000e+01 3.189322233200073242e+00
1.400000000000000000e+01 3.157949924468994141e+00
1.500000000000000000e+01 3.170125007629394531e+00
1.600000000000000000e+01 3.087536573410034180e+00
1.700000000000000000e+01 3.097896099090576172e+00
1.800000000000000000e+01 3.170624494552612305e+00
1.900000000000000000e+01 3.141420841217041016e+00
2.000000000000000000e+01 3.097345352172851562e+00
2.100000000000000000e+01 3.191440343856811523e+00
2.200000000000000000e+01 3.199467182159423828e+00
2.300000000000000000e+01 3.115932941436767578e+00
2.400000000000000000e+01 3.126884698867797852e+00
2.500000000000000000e+01 3.119339942932128906e+00
2.600000000000000000e+01 3.137544870376586914e+00
2.700000000000000000e+01 3.118863582611083984e+00
2.800000000000000000e+01 3.173715114593505859e+00
2.900000000000000000e+01 3.150546312332153320e+00
3.000000000000000000e+01 3.227663040161132812e+00
3.100000000000000000e+01 3.199863672256469727e+00
3.200000000000000000e+01 3.213093996047973633e+00
3.300000000000000000e+01 3.206874370574951172e+00
3.400000000000000000e+01 3.222580671310424805e+00
3.500000000000000000e+01 3.196549892425537109e+00
3.600000000000000000e+01 3.156056404113769531e+00
3.700000000000000000e+01 3.066012382507324219e+00
3.800000000000000000e+01 3.163559198379516602e+00
3.900000000000000000e+01 3.170152425765991211e+00
4.000000000000000000e+01 3.187346696853637695e+00
4.100000000000000000e+01 3.205107450485229492e+00
4.200000000000000000e+01 3.184105873107910156e+00
4.300000000000000000e+01 3.234183073043823242e+00
4.400000000000000000e+01 3.186156272888183594e+00
4.500000000000000000e+01 3.165038824081420898e+00
4.600000000000000000e+01 3.202585220336914062e+00
4.700000000000000000e+01 3.187591791152954102e+00
4.800000000000000000e+01 3.150472879409790039e+00
4.900000000000000000e+01 3.157436370849609375e+00
5.000000000000000000e+01 3.089136123657226562e+00
5.100000000000000000e+01 3.084181547164916992e+00
5.200000000000000000e+01 3.164765357971191406e+00
5.300000000000000000e+01 3.144676685333251953e+00
5.400000000000000000e+01 3.143749475479125977e+00
5.500000000000000000e+01 3.196910142898559570e+00
5.600000000000000000e+01 3.208870172500610352e+00
5.700000000000000000e+01 3.106476545333862305e+00
5.800000000000000000e+01 3.127085447311401367e+00
5.900000000000000000e+01 3.121154308319091797e+00
6.000000000000000000e+01 3.091031312942504883e+00
6.100000000000000000e+01 3.100635051727294922e+00
6.200000000000000000e+01 3.197807312011718750e+00
6.300000000000000000e+01 3.181657314300537109e+00
6.400000000000000000e+01 3.190993309020996094e+00
6.500000000000000000e+01 3.136604547500610352e+00
6.600000000000000000e+01 3.196347951889038086e+00
6.700000000000000000e+01 3.169046640396118164e+00
6.800000000000000000e+01 3.168385744094848633e+00
6.900000000000000000e+01 3.223604440689086914e+00
7.000000000000000000e+01 3.102679491043090820e+00
7.100000000000000000e+01 3.136009454727172852e+00
7.200000000000000000e+01 3.099532604217529297e+00
7.300000000000000000e+01 3.095026254653930664e+00
7.400000000000000000e+01 3.144553899765014648e+00
7.500000000000000000e+01 3.119621992111206055e+00
7.600000000000000000e+01 3.141213178634643555e+00
7.700000000000000000e+01 3.179515600204467773e+00
7.800000000000000000e+01 3.196482419967651367e+00
7.900000000000000000e+01 3.190337657928466797e+00
8.000000000000000000e+01 3.136627435684204102e+00
8.100000000000000000e+01 3.163475990295410156e+00
8.200000000000000000e+01 3.156389951705932617e+00
8.300000000000000000e+01 3.125437974929809570e+00
8.400000000000000000e+01 3.239925384521484375e+00
8.500000000000000000e+01 3.043966293334960938e+00
8.600000000000000000e+01 3.149837255477905273e+00
8.700000000000000000e+01 3.146574020385742188e+00
8.800000000000000000e+01 3.153641700744628906e+00
8.900000000000000000e+01 3.151829719543457031e+00
9.000000000000000000e+01 3.153234004974365234e+00
9.100000000000000000e+01 3.105785369873046875e+00
9.200000000000000000e+01 3.175109148025512695e+00
9.300000000000000000e+01 3.195881605148315430e+00
9.400000000000000000e+01 3.167675256729125977e+00
9.500000000000000000e+01 3.119326591491699219e+00
9.600000000000000000e+01 3.180080413818359375e+00
9.700000000000000000e+01 3.199674844741821289e+00
9.800000000000000000e+01 3.168652772903442383e+00
9.900000000000000000e+01 3.192519426345825195e+00
