0.000000000000000000e+00 2.946624994277954102e+00
1.000000000000000000e+00 3.059224843978881836e+00
2.000000000000000000e+00 2.910982608795166016e+00
3.000000000000000000e+00 2.994348526000976562e+00
4.000000000000000000e+00 2.952256441116333008e+00
5.000000000000000000e+00 2.986518144607543945e+00
6.000000000000000000e+00 3.071647405624389648e+00
7.000000000000000000e+00 2.967056274414062500e+00
8.000000000000000000e+00 3.011106491088867188e+00
9.000000000000000000e+00 2.925943851470947266e+00
1.000000000000000000e+01 2.938324928283691406e+00
1.100000000000000000e+01 2.918913125991821289e+00
1.200000000000000000e+01 3.103666305541992188e+00
1.300000000000000000e+01 3.064832925796508789e+00
1.400000000000000000e+01 3.092648029327392578e+00
1.500000000000000000e+01 3.025113105773925781e+00
1.600000000000000000e+01 3.003081798553466797e+00
1.700000000000000000e+01 3.002308607101440430e+00
1.800000000000000000e+01 2.991783857345581055e+00
1.900000000000000000e+01 2.966679811477661133e+00
2.000000000000000000e+01 2.919934988021850586e+00
2.100000000000000000e+01 2.980912208557128906e+00
2.200000000000000000e+01 3.097519636154174805e+00
2.300000000000000000e+01 3.076981306076049805e+00
2.400000000000000000e+01 2.898899316787719727e+00
2.500000000000000000e+01 2.991330385208129883e+00
2.600000000000000000e+01 3.011731147766113281e+00
2.700000000000000000e+01 3.009201526641845703e+00
2.800000000000000000e+01 2.993382692337036133e+00
2.900000000000000000e+01 3.008360385894775391e+00
3.000000000000000000e+01 3.026082038879394531e+00
3.100000000000000000e+01 3.026168107986450195e+00
3.200000000000000000e+01 2.982322454452514648e+00
3.300000000000000000e+01 2.980506420135498047e+00
3.400000000000000000e+01 3.049954175949096680e+00
3.500000000000000000e+01 3.058031082153320312e+00
3.600000000000000000e+01 3.015850305557250977e+00
3.700000000000000000e+01 3.066273212432861328e+00
3.800000000000000000e+01 3.068074464797973633e+00
3.900000000000000000e+01 2.948718309402465820e+00
4.000000000000000000e+01 3.015378236770629883e+00
4.100000000000000000e+01 3.015780687332153320e+00
4.200000000000000000e+01 2.962230920791625977e+00
4.300000000000000000e+01 2.902300596237182617e+00
4.400000000000000000e+01 2.995327949523925781e+00
4.500000000000000000e+01 2.975746870040893555e+00
4.600000000000000000e+01 3.001862049102783203e+00
4.700000000000000000e+01 3.012380599975585938e+00
4.800000000000000000e+01 3.015417814254760742e+00
4.900000000000000000e+01 3.035340785980224609e+00
5.000000000000000000e+01 3.002180337905883789e+00
5.100000000000000000e+01 2.990254878997802734e+00
5.200000000000000000e+01 2.989633083343505859e+00
5.300000000000000000e+01 3.026131391525268555e+00
5.400000000000000000e+01 3.010096788406372070e+00
5.500000000000000000e+01 2.915864944458007812e+00
5.600000000000000000e+01 2.985355377197265625e+00
5.700000000000000000e+01 3.080151796340942383e+00
5.800000000000000000e+01 3.029260158538818359e+00
5.900000000000000000e+01 2.996900081634521484e+00
6.000000000000000000e+01 3.049166679382324219e+00
6.100000000000000000e+01 2.975507974624633789e+00
6.200000000000000000e+01 3.018521547317504883e+00
6.300000000000000000e+01 2.915932655334472656e+00
6.400000000000000000e+01 2.997429370880126953e+00
6.500000000000000000e+01 3.031009197235107422e+00
6.600000000000000000e+01 3.000237941741943359e+00
6.700000000000000000e+01 3.073547601699829102e+00
6.800000000000000000e+01 2.997393846511840820e+00
6.900000000000000000e+01 3.032589197158813477e+00
7.000000000000000000e+01 3.040046930313110352e+00
7.100000000000000000e+01 2.990787744522094727e+00
7.200000000000000000e+01 3.011022806167602539e+00
7.300000000000000000e+01 3.002095460891723633e+00
7.400000000000000000e+01 2.986082792282104492e+00
7.500000000000000000e+01 3.102503299713134766e+00
7.600000000000000000e+01 2.977636575698852539e+00
7.700000000000000000e+01 3.007270336151123047e+00
7.800000000000000000e+01 3.024942398071289062e+00
7.900000000000000000e+01 3.041978120803833008e+00
8.000000000000000000e+01 2.931233882904052734e+00
8.100000000000000000e+01 3.007533550262451172e+00
8.200000000000000000e+01 2.984326601028442383e+00
8.300000000000000000e+01 3.138021945953369141e+00
8.400000000000000000e+01 2.974935293197631836e+00
8.500000000000000000e+01 3.038365364074707031e+00
8.600000000000000000e+01 2.997966289520263672e+00
8.700000000000000000e+01 2.992193222045898438e+00
8.800000000000000000e+01 2.912859439849853516e+00
8.900000000000000000e+01 3.045561552047729492e+00
9.000000000000000000e+01 3.035795450210571289e+00
9.100000000000000000e+01 2.929309129714965820e+00
9.200000000000000000e+01 2.917189121246337891e+00
9.300000000000000000e+01 2.986337900161743164e+00
9.400000000000000000e+01 3.009977102279663086e+00
9.500000000000000000e+01 2.936298608779907227e+00
9.600000000000000000e+01 2.986835241317749023e+00
9.700000000000000000e+01 3.030861377716064453e+00
9.800000000000000000e+01 2.961456298828125000e+00
9.900000000000000000e+01 3.053885936737060547e+00
