0.000000000000000000e+00 3.238533973693847656e+00
1.000000000000000000e+00 3.154554367065429688e+00
2.000000000000000000e+00 3.115184545516967773e+00
3.000000000000000000e+00 3.250134468078613281e+00
4.000000000000000000e+00 3.175562381744384766e+00
5.000000000000000000e+00 3.223701477050781250e+00
6.000000000000000000e+00 3.224702596664428711e+00
7.000000000000000000e+00 3.147631168365478516e+00
8.000000000000000000e+00 3.213255882263183594e+00
9.000000000000000000e+00 3.192043304443359375e+00
1.000000000000000000e+01 3.234674215316772461e+00
1.100000000000000000e+01 3.258699893951416016e+00
1.200000000000000000e+01 3.167312145233154297e+00
1.300000000000000000e+01 3.225031614303588867e+00
1.400000000000000000e+01 3.216822624206542969e+00
1.500000000000000000e+01 3.144917488098144531e+00
1.600000000000000000e+01 3.154046535491943359e+00
1.700000000000000000e+01 3.215643644332885742e+00
1.800000000000000000e+01 3.243160009384155273e+00
1.900000000000000000e+01 3.233314037322998047e+00
2.000000000000000000e+01 3.248649358749389648e+00
2.100000000000000000e+01 3.237594842910766602e+00
2.200000000000000000e+01 3.190363883972167969e+00
2.300000000000000000e+01 3.208239555358886719e+00
2.400000000000000000e+01 3.208303689956665039e+00
2.500000000000000000e+01 3.186394214630126953e+00
2.600000000000000000e+01 3.207594633102416992e+00
2.700000000000000000e+01 3.184498548507690430e+00
2.800000000000000000e+01 3.226109981536865234e+00
2.900000000000000000e+01 3.246258735656738281e+00
3.000000000000000000e+01 3.198663711547851562e+00
3.100000000000000000e+01 3.217914581298828125e+00
3.200000000000000000e+01 3.159954309463500977e+00
3.300000000000000000e+01 3.195358276367187500e+00
3.400000000000000000e+01 3.217284917831420898e+00
3.500000000000000000e+01 3.245915174484252930e+00
3.600000000000000000e+01 3.214558839797973633e+00
3.700000000000000000e+01 3.274144411087036133e+00
3.800000000000000000e+01 3.215217113494873047e+00
3.900000000000000000e+01 3.238992452621459961e+00
4.000000000000000000e+01 3.202356338500976562e+00
4.100000000000000000e+01 3.247471332550048828e+00
4.200000000000000000e+01 3.247599601745605469e+00
4.300000000000000000e+01 3.223409891128540039e+00
4.400000000000000000e+01 3.218294620513916016e+00
4.500000000000000000e+01 3.162626981735229492e+00
4.600000000000000000e+01 3.254339933395385742e+00
4.700000000000000000e+01 3.231399536132812500e+00
4.800000000000000000e+01 3.225580453872680664e+00
4.900000000000000000e+01 3.206332445144653320e+00
5.000000000000000000e+01 3.261659622192382812e+00
5.100000000000000000e+01 3.229712724685668945e+00
5.200000000000000000e+01 3.205913066864013672e+00
5.300000000000000000e+01 3.184183120727539062e+00
5.400000000000000000e+01 3.208687543869018555e+00
5.500000000000000000e+01 3.233691215515136719e+00
5.600000000000000000e+01 3.183871746063232422e+00
5.700000000000000000e+01 3.199959516525268555e+00
5.800000000000000000e+01 3.251308679580688477e+00
5.900000000000000000e+01 3.180536270141601562e+00
6.000000000000000000e+01 3.240032196044921875e+00
6.100000000000000000e+01 3.196867704391479492e+00
6.200000000000000000e+01 3.186433553695678711e+00
6.300000000000000000e+01 3.235250949859619141e+00
6.400000000000000000e+01 3.225034475326538086e+00
6.500000000000000000e+01 3.223682880401611328e+00
6.600000000000000000e+01 3.238490104675292969e+00
6.700000000000000000e+01 3.207051515579223633e+00
6.800000000000000000e+01 3.204899549484252930e+00
6.900000000000000000e+01 3.188527822494506836e+00
7.000000000000000000e+01 3.193316221237182617e+00
7.100000000000000000e+01 3.220635652542114258e+00
7.200000000000000000e+01 3.189579963684082031e+00
7.300000000000000000e+01 3.189937591552734375e+00
7.400000000000000000e+01 3.170755624771118164e+00
7.500000000000000000e+01 3.263443470001220703e+00
7.600000000000000000e+01 3.159269571304321289e+00
7.700000000000000000e+01 3.244392633438110352e+00
7.800000000000000000e+01 3.216446638107299805e+00
7.900000000000000000e+01 3.102778911590576172e+00
8.000000000000000000e+01 3.184051513671875000e+00
8.100000000000000000e+01 3.245507478713989258e+00
8.200000000000000000e+01 3.181050300598144531e+00
8.300000000000000000e+01 3.216431856155395508e+00
8.400000000000000000e+01 3.231675386428833008e+00
8.500000000000000000e+01 3.240755558013916016e+00
8.600000000000000000e+01 3.228522539138793945e+00
8.700000000000000000e+01 3.220048666000366211e+00
8.800000000000000000e+01 3.251627922058105469e+00
8.900000000000000000e+01 3.223716735839843750e+00
9.000000000000000000e+01 3.248700618743896484e+00
9.100000000000000000e+01 3.242984771728515625e+00
9.200000000000000000e+01 3.186029434204101562e+00
9.300000000000000000e+01 3.185138702392578125e+00
9.400000000000000000e+01 3.262561082839965820e+00
9.500000000000000000e+01 3.201598644256591797e+00
9.600000000000000000e+01 3.200678586959838867e+00
9.700000000000000000e+01 3.188876867294311523e+00
9.800000000000000000e+01 3.168396711349487305e+00
9.900000000000000000e+01 3.202538490295410156e+00
