0.000000000000000000e+00 1.542377591133117676e+00
1.000000000000000000e+00 1.449379682540893555e+00
2.000000000000000000e+00 1.453393459320068359e+00
3.000000000000000000e+00 1.461936593055725098e+00
4.000000000000000000e+00 1.519583225250244141e+00
5.000000000000000000e+00 1.461959362030029297e+00
6.000000000000000000e+00 1.541487097740173340e+00
7.000000000000000000e+00 1.468198895454406738e+00
8.000000000000000000e+00 1.552814602851867676e+00
9.000000000000000000e+00 1.541304469108581543e+00
1.000000000000000000e+01 1.474859833717346191e+00
1.100000000000000000e+01 1.557070493698120117e+00
1.200000000000000000e+01 1.526959300041198730e+00
1.300000000000000000e+01 1.512165307998657227e+00
1.400000000000000000e+01 1.476910114288330078e+00
1.500000000000000000e+01 1.450783491134643555e+00
1.600000000000000000e+01 1.481356978416442871e+00
1.700000000000000000e+01 1.501579761505126953e+00
1.800000000000000000e+01 1.496397018432617188e+00
1.900000000000000000e+01 1.453546524047851562e+00
2.000000000000000000e+01 1.473726868629455566e+00
2.100000000000000000e+01 1.505679845809936523e+00
2.200000000000000000e+01 1.498532891273498535e+00
2.300000000000000000e+01 1.457400560379028320e+00
2.400000000000000000e+01 1.477490067481994629e+00
2.500000000000000000e+01 1.470482707023620605e+00
2.600000000000000000e+01 1.503756761550903320e+00
2.700000000000000000e+01 1.564107656478881836e+00
2.800000000000000000e+01 1.489356637001037598e+00
2.900000000000000000e+01 1.569130778312683105e+00
3.000000000000000000e+01 1.502373337745666504e+00
3.100000000000000000e+01 1.414007306098937988e+00
3.200000000000000000e+01 1.497961997985839844e+00
3.300000000000000000e+01 1.485872030258178711e+00
3.400000000000000000e+01 1.469526648521423340e+00
3.500000000000000000e+01 1.483976125717163086e+00
3.600000000000000000e+01 1.511824131011962891e+00
3.700000000000000000e+01 1.479055762290954590e+00
3.800000000000000000e+01 1.453038454055786133e+00
3.900000000000000000e+01 1.416139245033264160e+00
4.000000000000000000e+01 1.492144227027893066e+00
4.100000000000000000e+01 1.540656685829162598e+00
4.200000000000000000e+01 1.540722966194152832e+00
4.300000000000000000e+01 1.478630185127258301e+00
4.400000000000000000e+01 1.433563590049743652e+00
4.500000000000000000e+01 1.536672353744506836e+00
4.600000000000000000e+01 1.443547725677490234e+00
4.700000000000000000e+01 1.444400072097778320e+00
4.800000000000000000e+01 1.493875622749328613e+00
4.900000000000000000e+01 1.373716473579406738e+00
5.000000000000000000e+01 1.494082927703857422e+00
5.100000000000000000e+01 1.479473352432250977e+00
5.200000000000000000e+01 1.435847759246826172e+00
5.300000000000000000e+01 1.461946725845336914e+00
5.400000000000000000e+01 1.426916360855102539e+00
5.500000000000000000e+01 1.411120653152465820e+00
5.600000000000000000e+01 1.469039440155029297e+00
5.700000000000000000e+01 1.452218174934387207e+00
5.800000000000000000e+01 1.471189856529235840e+00
5.900000000000000000e+01 1.489969849586486816e+00
6.000000000000000000e+01 1.539135813713073730e+00
6.100000000000000000e+01 1.456370115280151367e+00
6.200000000000000000e+01 1.442828655242919922e+00
6.300000000000000000e+01 1.445669412612915039e+00
6.400000000000000000e+01 1.523888587951660156e+00
6.500000000000000000e+01 1.482913017272949219e+00
6.600000000000000000e+01 1.467226624488830566e+00
6.700000000000000000e+01 1.447649955749511719e+00
6.800000000000000000e+01 1.415115475654602051e+00
6.900000000000000000e+01 1.439787030220031738e+00
7.000000000000000000e+01 1.494893550872802734e+00
7.100000000000000000e+01 1.450752258300781250e+00
7.200000000000000000e+01 1.461653470993041992e+00
7.300000000000000000e+01 1.531347751617431641e+00
7.400000000000000000e+01 1.476783156394958496e+00
7.500000000000000000e+01 1.487842440605163574e+00
7.600000000000000000e+01 1.473225831985473633e+00
7.700000000000000000e+01 1.552269101142883301e+00
7.800000000000000000e+01 1.512468457221984863e+00
7.900000000000000000e+01 1.456027626991271973e+00
8.000000000000000000e+01 1.461142897605895996e+00
8.100000000000000000e+01 1.529897689819335938e+00
8.200000000000000000e+01 1.445544242858886719e+00
8.300000000000000000e+01 1.438263177871704102e+00
8.400000000000000000e+01 1.502606630325317383e+00
8.500000000000000000e+01 1.459046840667724609e+00
8.600000000000000000e+01 1.410293817520141602e+00
8.700000000000000000e+01 1.476168036460876465e+00
8.800000000000000000e+01 1.445059537887573242e+00
8.900000000000000000e+01 1.501684069633483887e+00
9.000000000000000000e+01 1.445606112480163574e+00
9.100000000000000000e+01 1.461425423622131348e+00
9.200000000000000000e+01 1.487594366073608398e+00
9.300000000000000000e+01 1.502047657966613770e+00
9.400000000000000000e+01 1.452493667602539062e+00
9.500000000000000000e+01 1.468289017677307129e+00
9.600000000000000000e+01 1.525830030441284180e+00
9.700000000000000000e+01 1.441092729568481445e+00
9.800000000000000000e+01 1.413845300674438477e+00
9.900000000000000000e+01 1.470323562622070312e+00
