0.000000000000000000e+00 1.500159859657287598e+00
1.000000000000000000e+00 1.552567601203918457e+00
2.000000000000000000e+00 1.507192492485046387e+00
3.000000000000000000e+00 1.603881478309631348e+00
4.000000000000000000e+00 1.597859025001525879e+00
5.000000000000000000e+00 1.490047931671142578e+00
6.000000000000000000e+00 1.527133703231811523e+00
7.000000000000000000e+00 1.559053540229797363e+00
8.000000000000000000e+00 1.549514055252075195e+00
9.000000000000000000e+00 1.564808607101440430e+00
1.000000000000000000e+01 1.595082998275756836e+00
1.100000000000000000e+01 1.533374905586242676e+00
1.200000000000000000e+01 1.490033388137817383e+00
1.300000000000000000e+01 1.553562998771667480e+00
1.400000000000000000e+01 1.622375011444091797e+00
1.500000000000000000e+01 1.539139747619628906e+00
1.600000000000000000e+01 1.532997369766235352e+00
1.700000000000000000e+01 1.474917173385620117e+00
1.800000000000000000e+01 1.550833702087402344e+00
1.900000000000000000e+01 1.553055047988891602e+00
2.000000000000000000e+01 1.549200654029846191e+00
2.100000000000000000e+01 1.470045328140258789e+00
2.200000000000000000e+01 1.569367170333862305e+00
2.300000000000000000e+01 1.502288699150085449e+00
2.400000000000000000e+01 1.620134592056274414e+00
2.500000000000000000e+01 1.570226907730102539e+00
2.600000000000000000e+01 1.460897803306579590e+00
2.700000000000000000e+01 1.548086881637573242e+00
2.800000000000000000e+01 1.564005374908447266e+00
2.900000000000000000e+01 1.527960062026977539e+00
3.000000000000000000e+01 1.558751702308654785e+00
3.100000000000000000e+01 1.512655258178710938e+00
3.200000000000000000e+01 1.582752346992492676e+00
3.300000000000000000e+01 1.560424089431762695e+00
3.400000000000000000e+01 1.578240275382995605e+00
3.500000000000000000e+01 1.588023900985717773e+00
3.600000000000000000e+01 1.529881954193115234e+00
3.700000000000000000e+01 1.558772206306457520e+00
3.800000000000000000e+01 1.540637016296386719e+00
3.900000000000000000e+01 1.473541259765625000e+00
4.000000000000000000e+01 1.568839788436889648e+00
4.100000000000000000e+01 1.511686921119689941e+00
4.200000000000000000e+01 1.506709694862365723e+00
4.300000000000000000e+01 1.506682276725769043e+00
4.400000000000000000e+01 1.530236363410949707e+00
4.500000000000000000e+01 1.524693369865417480e+00
4.600000000000000000e+01 1.509745359420776367e+00
4.700000000000000000e+01 1.548696160316467285e+00
4.800000000000000000e+01 1.521397113800048828e+00
4.900000000000000000e+01 1.475374460220336914e+00
5.000000000000000000e+01 1.531285762786865234e+00
5.100000000000000000e+01 1.546208024024963379e+00
5.200000000000000000e+01 1.493964910507202148e+00
5.300000000000000000e+01 1.579583883285522461e+00
5.400000000000000000e+01 1.543336510658264160e+00
5.500000000000000000e+01 1.530573368072509766e+00
5.600000000000000000e+01 1.565666198730468750e+00
5.700000000000000000e+01 1.594360351562500000e+00
5.800000000000000000e+01 1.524316668510437012e+00
5.900000000000000000e+01 1.525441646575927734e+00
6.000000000000000000e+01 1.578288793563842773e+00
6.100000000000000000e+01 1.551774024963378906e+00
6.200000000000000000e+01 1.533942341804504395e+00
6.300000000000000000e+01 1.506976723670959473e+00
6.400000000000000000e+01 1.529281258583068848e+00
6.500000000000000000e+01 1.542043089866638184e+00
6.600000000000000000e+01 1.555264234542846680e+00
6.700000000000000000e+01 1.559777975082397461e+00
6.800000000000000000e+01 1.493343472480773926e+00
6.900000000000000000e+01 1.521834373474121094e+00
7.000000000000000000e+01 1.589829325675964355e+00
7.100000000000000000e+01 1.556111454963684082e+00
7.200000000000000000e+01 1.625467181205749512e+00
7.300000000000000000e+01 1.569926381111145020e+00
7.400000000000000000e+01 1.464057087898254395e+00
7.500000000000000000e+01 1.533384799957275391e+00
7.600000000000000000e+01 1.560734987258911133e+00
7.700000000000000000e+01 1.558780312538146973e+00
7.800000000000000000e+01 1.481246232986450195e+00
7.900000000000000000e+01 1.534860014915466309e+00
8.000000000000000000e+01 1.502710700035095215e+00
8.100000000000000000e+01 1.536779642105102539e+00
8.200000000000000000e+01 1.555136799812316895e+00
8.300000000000000000e+01 1.531068086624145508e+00
8.400000000000000000e+01 1.560819983482360840e+00
8.500000000000000000e+01 1.607937693595886230e+00
8.600000000000000000e+01 1.504851102828979492e+00
8.700000000000000000e+01 1.588204503059387207e+00
8.800000000000000000e+01 1.584978342056274414e+00
8.900000000000000000e+01 1.578067421913146973e+00
9.000000000000000000e+01 1.597343444824218750e+00
9.100000000000000000e+01 1.533506751060485840e+00
9.200000000000000000e+01 1.560652971267700195e+00
9.300000000000000000e+01 1.478024959564208984e+00
9.400000000000000000e+01 1.504511356353759766e+00
9.500000000000000000e+01 1.524105429649353027e+00
9.600000000000000000e+01 1.451322913169860840e+00
9.700000000000000000e+01 1.506680130958557129e+00
9.800000000000000000e+01 1.530782461166381836e+00
9.900000000000000000e+01 1.452709674835205078e+00
