0.000000000000000000e+00 1.568394780158996582e+00
1.000000000000000000e+00 1.606471419334411621e+00
2.000000000000000000e+00 1.636333107948303223e+00
3.000000000000000000e+00 1.628217101097106934e+00
4.000000000000000000e+00 1.628858804702758789e+00
5.000000000000000000e+00 1.585721731185913086e+00
6.000000000000000000e+00 1.657613277435302734e+00
7.000000000000000000e+00 1.629097819328308105e+00
8.000000000000000000e+00 1.624306440353393555e+00
9.000000000000000000e+00 1.540229320526123047e+00
1.000000000000000000e+01 1.530417680740356445e+00
1.100000000000000000e+01 1.564802885055541992e+00
1.200000000000000000e+01 1.621656656265258789e+00
1.300000000000000000e+01 1.573556423187255859e+00
1.400000000000000000e+01 1.651823163032531738e+00
1.500000000000000000e+01 1.616062283515930176e+00
1.600000000000000000e+01 1.570626497268676758e+00
1.700000000000000000e+01 1.607672572135925293e+00
1.800000000000000000e+01 1.623383760452270508e+00
1.900000000000000000e+01 1.651603579521179199e+00
2.000000000000000000e+01 1.553070664405822754e+00
2.100000000000000000e+01 1.616347908973693848e+00
2.200000000000000000e+01 1.663895130157470703e+00
2.300000000000000000e+01 1.614825844764709473e+00
2.400000000000000000e+01 1.538340449333190918e+00
2.500000000000000000e+01 1.644912838935852051e+00
2.600000000000000000e+01 1.562398076057434082e+00
2.700000000000000000e+01 1.576686620712280273e+00
2.800000000000000000e+01 1.585610747337341309e+00
2.900000000000000000e+01 1.659329652786254883e+00
3.000000000000000000e+01 1.756962656974792480e+00
3.100000000000000000e+01 1.601255774497985840e+00
3.200000000000000000e+01 1.749055147171020508e+00
3.300000000000000000e+01 1.696356892585754395e+00
3.400000000000000000e+01 1.713911056518554688e+00
3.500000000000000000e+01 1.760043859481811523e+00
3.600000000000000000e+01 1.642007350921630859e+00
3.700000000000000000e+01 1.612456440925598145e+00
3.800000000000000000e+01 1.737058758735656738e+00
3.900000000000000000e+01 1.674029827117919922e+00
4.000000000000000000e+01 1.469112753868103027e+00
4.100000000000000000e+01 1.599599838256835938e+00
4.200000000000000000e+01 1.691417813301086426e+00
4.300000000000000000e+01 1.607060313224792480e+00
4.400000000000000000e+01 1.679648518562316895e+00
4.500000000000000000e+01 1.580978035926818848e+00
4.600000000000000000e+01 1.578899741172790527e+00
4.700000000000000000e+01 1.601390957832336426e+00
4.800000000000000000e+01 1.633179426193237305e+00
4.900000000000000000e+01 1.594518661499023438e+00
5.000000000000000000e+01 1.575491905212402344e+00
5.100000000000000000e+01 1.595705986022949219e+00
5.200000000000000000e+01 1.658682584762573242e+00
5.300000000000000000e+01 1.696649789810180664e+00
5.400000000000000000e+01 1.575793147087097168e+00
5.500000000000000000e+01 1.595421791076660156e+00
5.600000000000000000e+01 1.551502108573913574e+00
5.700000000000000000e+01 1.576521873474121094e+00
5.800000000000000000e+01 1.600039482116699219e+00
5.900000000000000000e+01 1.615807652473449707e+00
6.000000000000000000e+01 1.581810593605041504e+00
6.100000000000000000e+01 1.636657357215881348e+00
6.200000000000000000e+01 1.651972174644470215e+00
6.300000000000000000e+01 1.617310166358947754e+00
6.400000000000000000e+01 1.565424442291259766e+00
6.500000000000000000e+01 1.698630809783935547e+00
6.600000000000000000e+01 1.631772279739379883e+00
6.700000000000000000e+01 1.554640054702758789e+00
6.800000000000000000e+01 1.636395096778869629e+00
6.900000000000000000e+01 1.642057538032531738e+00
7.000000000000000000e+01 1.671968221664428711e+00
7.100000000000000000e+01 1.689634442329406738e+00
7.200000000000000000e+01 1.619510889053344727e+00
7.300000000000000000e+01 1.617267370223999023e+00
7.400000000000000000e+01 1.633020401000976562e+00
7.500000000000000000e+01 1.614706039428710938e+00
7.600000000000000000e+01 1.650366663932800293e+00
7.700000000000000000e+01 1.527186512947082520e+00
7.800000000000000000e+01 1.635789394378662109e+00
7.900000000000000000e+01 1.586013436317443848e+00
8.000000000000000000e+01 1.653407216072082520e+00
8.100000000000000000e+01 1.660471916198730469e+00
8.200000000000000000e+01 1.663144946098327637e+00
8.300000000000000000e+01 1.571973562240600586e+00
8.400000000000000000e+01 1.649188160896301270e+00
8.500000000000000000e+01 1.676379442214965820e+00
8.600000000000000000e+01 1.652767181396484375e+00
8.700000000000000000e+01 1.622153401374816895e+00
8.800000000000000000e+01 1.560045123100280762e+00
8.900000000000000000e+01 1.661665916442871094e+00
9.000000000000000000e+01 1.604793548583984375e+00
9.100000000000000000e+01 1.621737122535705566e+00
9.200000000000000000e+01 1.660622477531433105e+00
9.300000000000000000e+01 1.603551030158996582e+00
9.400000000000000000e+01 1.689656496047973633e+00
9.500000000000000000e+01 1.598890304565429688e+00
9.600000000000000000e+01 1.616871953010559082e+00
9.700000000000000000e+01 1.641402840614318848e+00
9.800000000000000000e+01 1.726385712623596191e+00
9.900000000000000000e+01 1.679365515708923340e+00
