0.000000000000000000e+00 1.646492838859558105e+00
1.000000000000000000e+00 1.819109320640563965e+00
2.000000000000000000e+00 1.761782169342041016e+00
3.000000000000000000e+00 1.773149371147155762e+00
4.000000000000000000e+00 1.757991909980773926e+00
5.000000000000000000e+00 1.738116621971130371e+00
6.000000000000000000e+00 1.717721104621887207e+00
7.000000000000000000e+00 1.752254962921142578e+00
8.000000000000000000e+00 1.784178256988525391e+00
9.000000000000000000e+00 1.770365118980407715e+00
1.000000000000000000e+01 1.585355877876281738e+00
1.100000000000000000e+01 1.700419425964355469e+00
1.200000000000000000e+01 1.666736006736755371e+00
1.300000000000000000e+01 1.709118485450744629e+00
1.400000000000000000e+01 1.714173436164855957e+00
1.500000000000000000e+01 1.751201033592224121e+00
1.600000000000000000e+01 1.806021451950073242e+00
1.700000000000000000e+01 1.708052635192871094e+00
1.800000000000000000e+01 1.691770195960998535e+00
1.900000000000000000e+01 1.706706047058105469e+00
2.000000000000000000e+01 1.652741909027099609e+00
2.100000000000000000e+01 1.673898100852966309e+00
2.200000000000000000e+01 1.721526503562927246e+00
2.300000000000000000e+01 1.748059988021850586e+00
2.400000000000000000e+01 1.682426333427429199e+00
2.500000000000000000e+01 1.623131394386291504e+00
2.600000000000000000e+01 1.586126923561096191e+00
2.700000000000000000e+01 1.675751447677612305e+00
2.800000000000000000e+01 1.653953671455383301e+00
2.900000000000000000e+01 1.695512294769287109e+00
3.000000000000000000e+01 1.769064903259277344e+00
3.100000000000000000e+01 1.751470804214477539e+00
3.200000000000000000e+01 1.637940764427185059e+00
3.300000000000000000e+01 1.660459160804748535e+00
3.400000000000000000e+01 1.672491550445556641e+00
3.500000000000000000e+01 1.703549742698669434e+00
3.600000000000000000e+01 1.689129233360290527e+00
3.700000000000000000e+01 1.702008247375488281e+00
3.800000000000000000e+01 1.686109304428100586e+00
3.900000000000000000e+01 1.735817909240722656e+00
4.000000000000000000e+01 1.717463970184326172e+00
4.100000000000000000e+01 1.779221057891845703e+00
4.200000000000000000e+01 1.710419297218322754e+00
4.300000000000000000e+01 1.755464792251586914e+00
4.400000000000000000e+01 1.702664494514465332e+00
4.500000000000000000e+01 1.752742290496826172e+00
4.600000000000000000e+01 1.774301052093505859e+00
4.700000000000000000e+01 1.722402811050415039e+00
4.800000000000000000e+01 1.756459355354309082e+00
4.900000000000000000e+01 1.649936437606811523e+00
5.000000000000000000e+01 1.708454728126525879e+00
5.100000000000000000e+01 1.749199509620666504e+00
5.200000000000000000e+01 1.802218675613403320e+00
5.300000000000000000e+01 1.675083637237548828e+00
5.400000000000000000e+01 1.732005834579467773e+00
5.500000000000000000e+01 1.770297646522521973e+00
5.600000000000000000e+01 1.804933786392211914e+00
5.700000000000000000e+01 1.647830605506896973e+00
5.800000000000000000e+01 1.744801521301269531e+00
5.900000000000000000e+01 1.616822838783264160e+00
6.000000000000000000e+01 1.686794877052307129e+00
6.100000000000000000e+01 1.736656904220581055e+00
6.200000000000000000e+01 1.673302292823791504e+00
6.300000000000000000e+01 1.763153672218322754e+00
6.400000000000000000e+01 1.713879942893981934e+00
6.500000000000000000e+01 1.726553440093994141e+00
6.600000000000000000e+01 1.730898618698120117e+00
6.700000000000000000e+01 1.649376988410949707e+00
6.800000000000000000e+01 1.722825407981872559e+00
6.900000000000000000e+01 1.669602394104003906e+00
7.000000000000000000e+01 1.725715398788452148e+00
7.100000000000000000e+01 1.746316432952880859e+00
7.200000000000000000e+01 1.724540948867797852e+00
7.300000000000000000e+01 1.733370423316955566e+00
7.400000000000000000e+01 1.733370423316955566e+00
7.500000000000000000e+01 1.699879765510559082e+00
7.600000000000000000e+01 1.796729683876037598e+00
7.700000000000000000e+01 1.748321056365966797e+00
7.800000000000000000e+01 1.733894944190979004e+00
7.900000000000000000e+01 1.741080880165100098e+00
8.000000000000000000e+01 1.636565089225769043e+00
8.100000000000000000e+01 1.615636229515075684e+00
8.200000000000000000e+01 1.621240139007568359e+00
8.300000000000000000e+01 1.689238429069519043e+00
8.400000000000000000e+01 1.695766687393188477e+00
8.500000000000000000e+01 1.749036550521850586e+00
8.600000000000000000e+01 1.705238103866577148e+00
8.700000000000000000e+01 1.724523425102233887e+00
8.800000000000000000e+01 1.742491841316223145e+00
8.900000000000000000e+01 1.797145009040832520e+00
9.000000000000000000e+01 1.645108222961425781e+00
9.100000000000000000e+01 1.691630840301513672e+00
9.200000000000000000e+01 1.681964516639709473e+00
9.300000000000000000e+01 1.788100361824035645e+00
9.400000000000000000e+01 1.790710687637329102e+00
9.500000000000000000e+01 1.723240256309509277e+00
9.600000000000000000e+01 1.795452237129211426e+00
9.700000000000000000e+01 1.797426581382751465e+00
9.800000000000000000e+01 1.739065289497375488e+00
9.900000000000000000e+01 1.744665503501892090e+00
