0.000000000000000000e+00 1.798858165740966797e+00
1.000000000000000000e+00 1.838266015052795410e+00
2.000000000000000000e+00 1.711485743522644043e+00
3.000000000000000000e+00 1.840353727340698242e+00
4.000000000000000000e+00 1.883023500442504883e+00
5.000000000000000000e+00 1.856925249099731445e+00
6.000000000000000000e+00 1.725859045982360840e+00
7.000000000000000000e+00 1.851245522499084473e+00
8.000000000000000000e+00 1.765527129173278809e+00
9.000000000000000000e+00 1.759540557861328125e+00
1.000000000000000000e+01 1.804346442222595215e+00
1.100000000000000000e+01 1.806763529777526855e+00
1.200000000000000000e+01 1.818702578544616699e+00
1.300000000000000000e+01 1.682635784149169922e+00
1.400000000000000000e+01 1.782361507415771484e+00
1.500000000000000000e+01 1.871886491775512695e+00
1.600000000000000000e+01 1.765866518020629883e+00
1.700000000000000000e+01 1.826001644134521484e+00
1.800000000000000000e+01 1.766812682151794434e+00
1.900000000000000000e+01 1.784209966659545898e+00
2.000000000000000000e+01 1.759831905364990234e+00
2.100000000000000000e+01 1.862560153007507324e+00
2.200000000000000000e+01 1.797102928161621094e+00
2.300000000000000000e+01 1.766987919807434082e+00
2.400000000000000000e+01 1.876828908920288086e+00
2.500000000000000000e+01 1.813538074493408203e+00
2.600000000000000000e+01 1.733821511268615723e+00
2.700000000000000000e+01 1.701738238334655762e+00
2.800000000000000000e+01 1.721951603889465332e+00
2.900000000000000000e+01 1.746817588806152344e+00
3.000000000000000000e+01 1.763973832130432129e+00
3.100000000000000000e+01 1.738740563392639160e+00
3.200000000000000000e+01 1.742217898368835449e+00
3.300000000000000000e+01 1.828762292861938477e+00
3.400000000000000000e+01 1.788744688034057617e+00
3.500000000000000000e+01 1.783097505569458008e+00
3.600000000000000000e+01 1.831627488136291504e+00
3.700000000000000000e+01 1.812238693237304688e+00
3.800000000000000000e+01 1.806245088577270508e+00
3.900000000000000000e+01 1.886085033416748047e+00
4.000000000000000000e+01 1.825289249420166016e+00
4.100000000000000000e+01 1.823726892471313477e+00
4.200000000000000000e+01 1.750916719436645508e+00
4.300000000000000000e+01 1.788523793220520020e+00
4.400000000000000000e+01 1.844465613365173340e+00
4.500000000000000000e+01 1.829910397529602051e+00
4.600000000000000000e+01 1.786008477210998535e+00
4.700000000000000000e+01 1.730185747146606445e+00
4.800000000000000000e+01 1.769162416458129883e+00
4.900000000000000000e+01 1.800256252288818359e+00
5.000000000000000000e+01 1.830408096313476562e+00
5.100000000000000000e+01 1.812906980514526367e+00
5.200000000000000000e+01 1.816751837730407715e+00
5.300000000000000000e+01 1.757654666900634766e+00
5.400000000000000000e+01 1.740875244140625000e+00
5.500000000000000000e+01 1.801416873931884766e+00
5.600000000000000000e+01 1.844063520431518555e+00
5.700000000000000000e+01 1.830523967742919922e+00
5.800000000000000000e+01 1.796514749526977539e+00
5.900000000000000000e+01 1.827915310859680176e+00
6.000000000000000000e+01 1.807548284530639648e+00
6.100000000000000000e+01 1.786009430885314941e+00
6.200000000000000000e+01 1.822347998619079590e+00
6.300000000000000000e+01 1.771772384643554688e+00
6.400000000000000000e+01 1.837738037109375000e+00
6.500000000000000000e+01 1.718021392822265625e+00
6.600000000000000000e+01 1.802745938301086426e+00
6.700000000000000000e+01 1.847137331962585449e+00
6.800000000000000000e+01 1.807222008705139160e+00
6.900000000000000000e+01 1.783467411994934082e+00
7.000000000000000000e+01 1.714599967002868652e+00
7.100000000000000000e+01 1.847808241844177246e+00
7.200000000000000000e+01 1.819795727729797363e+00
7.300000000000000000e+01 1.803549289703369141e+00
7.400000000000000000e+01 1.730268597602844238e+00
7.500000000000000000e+01 1.770676255226135254e+00
7.600000000000000000e+01 1.774789333343505859e+00
7.700000000000000000e+01 1.768807291984558105e+00
7.800000000000000000e+01 1.846145868301391602e+00
7.900000000000000000e+01 1.737489342689514160e+00
8.000000000000000000e+01 1.779646277427673340e+00
8.100000000000000000e+01 1.736844301223754883e+00
8.200000000000000000e+01 1.787484765052795410e+00
8.300000000000000000e+01 1.761696219444274902e+00
8.400000000000000000e+01 1.818024635314941406e+00
8.500000000000000000e+01 1.799988150596618652e+00
8.600000000000000000e+01 1.745760917663574219e+00
8.700000000000000000e+01 1.789300799369812012e+00
8.800000000000000000e+01 1.824295878410339355e+00
8.900000000000000000e+01 1.718174219131469727e+00
9.000000000000000000e+01 1.802033901214599609e+00
9.100000000000000000e+01 1.818278908729553223e+00
9.200000000000000000e+01 1.836484313011169434e+00
9.300000000000000000e+01 1.803622007369995117e+00
9.400000000000000000e+01 1.845712542533874512e+00
9.500000000000000000e+01 1.750253558158874512e+00
9.600000000000000000e+01 1.768785834312438965e+00
9.700000000000000000e+01 1.804179668426513672e+00
9.800000000000000000e+01 1.850982904434204102e+00
9.900000000000000000e+01 1.726643919944763184e+00
