0.000000000000000000e+00 1.852388978004455566e+00
1.000000000000000000e+00 1.751455664634704590e+00
2.000000000000000000e+00 1.872015595436096191e+00
3.000000000000000000e+00 1.894843339920043945e+00
4.000000000000000000e+00 1.939844965934753418e+00
5.000000000000000000e+00 1.810083031654357910e+00
6.000000000000000000e+00 1.904599547386169434e+00
7.000000000000000000e+00 1.858815193176269531e+00
8.000000000000000000e+00 1.822981953620910645e+00
9.000000000000000000e+00 1.887135744094848633e+00
1.000000000000000000e+01 1.830432057380676270e+00
1.100000000000000000e+01 1.885741710662841797e+00
1.200000000000000000e+01 1.883558750152587891e+00
1.300000000000000000e+01 1.853312015533447266e+00
1.400000000000000000e+01 1.885019421577453613e+00
1.500000000000000000e+01 1.871832966804504395e+00
1.600000000000000000e+01 1.856991887092590332e+00
1.700000000000000000e+01 1.875494837760925293e+00
1.800000000000000000e+01 1.886066436767578125e+00
1.900000000000000000e+01 1.816225886344909668e+00
2.000000000000000000e+01 1.933416128158569336e+00
2.100000000000000000e+01 1.798136115074157715e+00
2.200000000000000000e+01 1.749337911605834961e+00
2.300000000000000000e+01 1.890442490577697754e+00
2.400000000000000000e+01 1.868821144104003906e+00
2.500000000000000000e+01 1.845150351524353027e+00
2.600000000000000000e+01 1.833031535148620605e+00
2.700000000000000000e+01 1.828248262405395508e+00
2.800000000000000000e+01 1.835634946823120117e+00
2.900000000000000000e+01 1.861204504966735840e+00
3.000000000000000000e+01 1.889165878295898438e+00
3.100000000000000000e+01 1.850319862365722656e+00
3.200000000000000000e+01 1.868546962738037109e+00
3.300000000000000000e+01 1.845844864845275879e+00
3.400000000000000000e+01 1.911154985427856445e+00
3.500000000000000000e+01 1.935660362243652344e+00
3.600000000000000000e+01 1.853304862976074219e+00
3.700000000000000000e+01 1.867659807205200195e+00
3.800000000000000000e+01 1.819775700569152832e+00
3.900000000000000000e+01 1.864462614059448242e+00
4.000000000000000000e+01 1.875315189361572266e+00
4.100000000000000000e+01 1.818022251129150391e+00
4.200000000000000000e+01 1.843659996986389160e+00
4.300000000000000000e+01 1.763286948204040527e+00
4.400000000000000000e+01 1.887223124504089355e+00
4.500000000000000000e+01 1.863739132881164551e+00
4.600000000000000000e+01 1.828665971755981445e+00
4.700000000000000000e+01 1.869663953781127930e+00
4.800000000000000000e+01 1.842264413833618164e+00
4.900000000000000000e+01 1.901373147964477539e+00
5.000000000000000000e+01 1.792950034141540527e+00
5.100000000000000000e+01 1.862360477447509766e+00
5.200000000000000000e+01 1.852311015129089355e+00
5.300000000000000000e+01 1.851143598556518555e+00
5.400000000000000000e+01 1.850038409233093262e+00
5.500000000000000000e+01 1.896152973175048828e+00
5.600000000000000000e+01 1.849548578262329102e+00
5.700000000000000000e+01 1.877996206283569336e+00
5.800000000000000000e+01 1.859598875045776367e+00
5.900000000000000000e+01 1.793700814247131348e+00
6.000000000000000000e+01 1.852119565010070801e+00
6.100000000000000000e+01 1.924654960632324219e+00
6.200000000000000000e+01 1.864128589630126953e+00
6.300000000000000000e+01 1.890180468559265137e+00
6.400000000000000000e+01 1.810151338577270508e+00
6.500000000000000000e+01 1.883479595184326172e+00
6.600000000000000000e+01 1.775828480720520020e+00
6.700000000000000000e+01 1.872074842453002930e+00
6.800000000000000000e+01 1.860377311706542969e+00
6.900000000000000000e+01 1.883060812950134277e+00
7.000000000000000000e+01 1.846086740493774414e+00
7.100000000000000000e+01 1.884617447853088379e+00
7.200000000000000000e+01 1.803024172782897949e+00
7.300000000000000000e+01 1.862840533256530762e+00
7.400000000000000000e+01 1.839558124542236328e+00
7.500000000000000000e+01 1.887265205383300781e+00
7.600000000000000000e+01 1.845346689224243164e+00
7.700000000000000000e+01 1.945076107978820801e+00
7.800000000000000000e+01 1.898188829421997070e+00
7.900000000000000000e+01 1.908667325973510742e+00
8.000000000000000000e+01 1.859731793403625488e+00
8.100000000000000000e+01 1.851116538047790527e+00
8.200000000000000000e+01 1.884224772453308105e+00
8.300000000000000000e+01 1.864647269248962402e+00
8.400000000000000000e+01 1.940587043762207031e+00
8.500000000000000000e+01 1.853996157646179199e+00
8.600000000000000000e+01 1.848688483238220215e+00
8.700000000000000000e+01 1.896792054176330566e+00
8.800000000000000000e+01 1.801904916763305664e+00
8.900000000000000000e+01 1.868927359580993652e+00
9.000000000000000000e+01 1.898108720779418945e+00
9.100000000000000000e+01 1.866945862770080566e+00
9.200000000000000000e+01 1.847832322120666504e+00
9.300000000000000000e+01 1.815883040428161621e+00
9.400000000000000000e+01 1.819232702255249023e+00
9.500000000000000000e+01 1.776543259620666504e+00
9.600000000000000000e+01 1.923136830329895020e+00
9.700000000000000000e+01 1.864114522933959961e+00
9.800000000000000000e+01 1.851871371269226074e+00
9.900000000000000000e+01 1.884644985198974609e+00
