0.000000000000000000e+00 1.915721297264099121e+00
1.000000000000000000e+00 1.880086183547973633e+00
2.000000000000000000e+00 1.877436518669128418e+00
3.000000000000000000e+00 1.928449273109436035e+00
4.000000000000000000e+00 1.922229528427124023e+00
5.000000000000000000e+00 1.886606454849243164e+00
6.000000000000000000e+00 1.918668746948242188e+00
7.000000000000000000e+00 1.881743669509887695e+00
8.000000000000000000e+00 1.938805699348449707e+00
9.000000000000000000e+00 1.957646131515502930e+00
1.000000000000000000e+01 1.956538915634155273e+00
1.100000000000000000e+01 1.904110074043273926e+00
1.200000000000000000e+01 1.957709908485412598e+00
1.300000000000000000e+01 1.925645947456359863e+00
1.400000000000000000e+01 1.919592857360839844e+00
1.500000000000000000e+01 1.921496987342834473e+00
1.600000000000000000e+01 1.857639312744140625e+00
1.700000000000000000e+01 1.914145112037658691e+00
1.800000000000000000e+01 1.883543252944946289e+00
1.900000000000000000e+01 1.861198067665100098e+00
2.000000000000000000e+01 1.919386267662048340e+00
2.100000000000000000e+01 1.884278893470764160e+00
2.200000000000000000e+01 1.943937420845031738e+00
2.300000000000000000e+01 1.859954833984375000e+00
2.400000000000000000e+01 1.866219997406005859e+00
2.500000000000000000e+01 1.936548709869384766e+00
2.600000000000000000e+01 1.897995352745056152e+00
2.700000000000000000e+01 1.925099611282348633e+00
2.800000000000000000e+01 1.905610442161560059e+00
2.900000000000000000e+01 1.942066431045532227e+00
3.000000000000000000e+01 1.957968115806579590e+00
3.100000000000000000e+01 1.902593374252319336e+00
3.200000000000000000e+01 1.924788355827331543e+00
3.300000000000000000e+01 1.874755978584289551e+00
3.400000000000000000e+01 1.908435225486755371e+00
3.500000000000000000e+01 1.920770287513732910e+00
3.600000000000000000e+01 1.951770305633544922e+00
3.700000000000000000e+01 1.934911847114562988e+00
3.800000000000000000e+01 1.978322744369506836e+00
3.900000000000000000e+01 1.853441715240478516e+00
4.000000000000000000e+01 1.926658153533935547e+00
4.100000000000000000e+01 1.926762461662292480e+00
4.200000000000000000e+01 1.918612480163574219e+00
4.300000000000000000e+01 1.885222196578979492e+00
4.400000000000000000e+01 1.953599810600280762e+00
4.500000000000000000e+01 1.904918432235717773e+00
4.600000000000000000e+01 1.891066074371337891e+00
4.700000000000000000e+01 1.913152337074279785e+00
4.800000000000000000e+01 1.905788302421569824e+00
4.900000000000000000e+01 1.857484936714172363e+00
5.000000000000000000e+01 2.011326789855957031e+00
5.100000000000000000e+01 1.924422502517700195e+00
5.200000000000000000e+01 1.888683557510375977e+00
5.300000000000000000e+01 1.877117395401000977e+00
5.400000000000000000e+01 1.916327953338623047e+00
5.500000000000000000e+01 1.882589578628540039e+00
5.600000000000000000e+01 1.892715811729431152e+00
5.700000000000000000e+01 1.901280403137207031e+00
5.800000000000000000e+01 1.980998635292053223e+00
5.900000000000000000e+01 1.913707256317138672e+00
6.000000000000000000e+01 1.950010299682617188e+00
6.100000000000000000e+01 1.909804344177246094e+00
6.200000000000000000e+01 1.916680812835693359e+00
6.300000000000000000e+01 1.982247829437255859e+00
6.400000000000000000e+01 1.897427558898925781e+00
6.500000000000000000e+01 1.920199394226074219e+00
6.600000000000000000e+01 1.923986077308654785e+00
6.700000000000000000e+01 1.912080764770507812e+00
6.800000000000000000e+01 1.849882483482360840e+00
6.900000000000000000e+01 1.907698512077331543e+00
7.000000000000000000e+01 1.935880184173583984e+00
7.100000000000000000e+01 1.891073107719421387e+00
7.200000000000000000e+01 1.953059554100036621e+00
7.300000000000000000e+01 1.936269283294677734e+00
7.400000000000000000e+01 1.893891930580139160e+00
7.500000000000000000e+01 1.889740467071533203e+00
7.600000000000000000e+01 1.866482734680175781e+00
7.700000000000000000e+01 1.880477309226989746e+00
7.800000000000000000e+01 1.913509845733642578e+00
7.900000000000000000e+01 1.852467417716979980e+00
8.000000000000000000e+01 1.879766821861267090e+00
8.100000000000000000e+01 1.943074107170104980e+00
8.200000000000000000e+01 1.920953750610351562e+00
8.300000000000000000e+01 1.908766984939575195e+00
8.400000000000000000e+01 1.930220007896423340e+00
8.500000000000000000e+01 1.942602157592773438e+00
8.600000000000000000e+01 1.837271451950073242e+00
8.700000000000000000e+01 2.016463041305541992e+00
8.800000000000000000e+01 1.946144819259643555e+00
8.900000000000000000e+01 1.914320707321166992e+00
9.000000000000000000e+01 1.912793874740600586e+00
9.100000000000000000e+01 1.875069022178649902e+00
9.200000000000000000e+01 1.902890205383300781e+00
9.300000000000000000e+01 1.943566322326660156e+00
9.400000000000000000e+01 1.945707917213439941e+00
9.500000000000000000e+01 1.961297631263732910e+00
9.600000000000000000e+01 1.929615497589111328e+00
9.700000000000000000e+01 1.885725975036621094e+00
9.800000000000000000e+01 1.934048652648925781e+00
9.900000000000000000e+01 1.940003275871276855e+00
