0.000000000000000000e+00 2.031357765197753906e+00
1.000000000000000000e+00 1.928231239318847656e+00
2.000000000000000000e+00 2.001812934875488281e+00
3.000000000000000000e+00 2.023148775100708008e+00
4.000000000000000000e+00 1.900272130966186523e+00
5.000000000000000000e+00 1.938889980316162109e+00
6.000000000000000000e+00 2.064558506011962891e+00
7.000000000000000000e+00 1.984727025032043457e+00
8.000000000000000000e+00 1.958988785743713379e+00
9.000000000000000000e+00 1.984597563743591309e+00
1.000000000000000000e+01 2.048021554946899414e+00
1.100000000000000000e+01 1.945955514907836914e+00
1.200000000000000000e+01 2.009680986404418945e+00
1.300000000000000000e+01 1.992221713066101074e+00
1.400000000000000000e+01 1.976464748382568359e+00
1.500000000000000000e+01 1.970939159393310547e+00
1.600000000000000000e+01 1.952826261520385742e+00
1.700000000000000000e+01 2.067051172256469727e+00
1.800000000000000000e+01 2.027797222137451172e+00
1.900000000000000000e+01 1.956385135650634766e+00
2.000000000000000000e+01 1.955327510833740234e+00
2.100000000000000000e+01 2.023596763610839844e+00
2.200000000000000000e+01 1.992083549499511719e+00
2.300000000000000000e+01 2.009345054626464844e+00
2.400000000000000000e+01 1.940091729164123535e+00
2.500000000000000000e+01 2.005966663360595703e+00
2.600000000000000000e+01 1.953655958175659180e+00
2.700000000000000000e+01 1.997096180915832520e+00
2.800000000000000000e+01 1.935694694519042969e+00
2.900000000000000000e+01 1.938691616058349609e+00
3.000000000000000000e+01 1.942684054374694824e+00
3.100000000000000000e+01 2.071965456008911133e+00
3.200000000000000000e+01 2.015924215316772461e+00
3.300000000000000000e+01 1.978443741798400879e+00
3.400000000000000000e+01 2.021496295928955078e+00
3.500000000000000000e+01 1.952216267585754395e+00
3.600000000000000000e+01 1.972684383392333984e+00
3.700000000000000000e+01 2.018737316131591797e+00
3.800000000000000000e+01 1.943170905113220215e+00
3.900000000000000000e+01 1.934664607048034668e+00
4.000000000000000000e+01 1.942110180854797363e+00
4.100000000000000000e+01 1.975794434547424316e+00
4.200000000000000000e+01 1.933957457542419434e+00
4.300000000000000000e+01 2.027344703674316406e+00
4.400000000000000000e+01 2.086133718490600586e+00
4.500000000000000000e+01 1.980919003486633301e+00
4.600000000000000000e+01 2.022000789642333984e+00
4.700000000000000000e+01 2.007272481918334961e+00
4.800000000000000000e+01 1.990088224411010742e+00
4.900000000000000000e+01 1.856095314025878906e+00
5.000000000000000000e+01 1.946076750755310059e+00
5.100000000000000000e+01 1.983020901679992676e+00
5.200000000000000000e+01 1.985424160957336426e+00
5.300000000000000000e+01 1.900205612182617188e+00
5.400000000000000000e+01 2.051026582717895508e+00
5.500000000000000000e+01 1.989252328872680664e+00
5.600000000000000000e+01 2.018716812133789062e+00
5.700000000000000000e+01 1.986756682395935059e+00
5.800000000000000000e+01 1.940078139305114746e+00
5.900000000000000000e+01 2.015450000762939453e+00
6.000000000000000000e+01 1.980081558227539062e+00
6.100000000000000000e+01 1.974976181983947754e+00
6.200000000000000000e+01 2.021744489669799805e+00
6.300000000000000000e+01 2.006045341491699219e+00
6.400000000000000000e+01 1.973481178283691406e+00
6.500000000000000000e+01 1.965191364288330078e+00
6.600000000000000000e+01 2.008151769638061523e+00
6.700000000000000000e+01 2.023304700851440430e+00
6.800000000000000000e+01 1.964378356933593750e+00
6.900000000000000000e+01 1.950455784797668457e+00
7.000000000000000000e+01 1.938297629356384277e+00
7.100000000000000000e+01 2.023688316345214844e+00
7.200000000000000000e+01 1.990093946456909180e+00
7.300000000000000000e+01 2.028697490692138672e+00
7.400000000000000000e+01 1.951810240745544434e+00
7.500000000000000000e+01 1.951073646545410156e+00
7.600000000000000000e+01 2.069353818893432617e+00
7.700000000000000000e+01 1.911897540092468262e+00
7.800000000000000000e+01 1.953096628189086914e+00
7.900000000000000000e+01 1.946473002433776855e+00
8.000000000000000000e+01 1.986643314361572266e+00
8.100000000000000000e+01 1.873908996582031250e+00
8.200000000000000000e+01 1.929347395896911621e+00
8.300000000000000000e+01 1.965646505355834961e+00
8.400000000000000000e+01 1.959621787071228027e+00
8.500000000000000000e+01 1.952107310295104980e+00
8.600000000000000000e+01 2.045240402221679688e+00
8.700000000000000000e+01 2.017496585845947266e+00
8.800000000000000000e+01 1.964988827705383301e+00
8.900000000000000000e+01 1.914721369743347168e+00
9.000000000000000000e+01 2.034175395965576172e+00
9.100000000000000000e+01 1.931596875190734863e+00
9.200000000000000000e+01 2.000664949417114258e+00
9.300000000000000000e+01 2.011970043182373047e+00
9.400000000000000000e+01 1.949308633804321289e+00
9.500000000000000000e+01 1.963809490203857422e+00
9.600000000000000000e+01 1.992645502090454102e+00
9.700000000000000000e+01 1.959456682205200195e+00
9.800000000000000000e+01 1.993216991424560547e+00
9.900000000000000000e+01 1.938014030456542969e+00
