0.000000000000000000e+00 1.429788827896118164e+00
1.000000000000000000e+00 1.417370915412902832e+00
2.000000000000000000e+00 1.424196004867553711e+00
3.000000000000000000e+00 1.440721988677978516e+00
4.000000000000000000e+00 1.401391625404357910e+00
5.000000000000000000e+00 1.406970620155334473e+00
6.000000000000000000e+00 1.429330468177795410e+00
7.000000000000000000e+00 1.387780070304870605e+00
8.000000000000000000e+00 1.405883431434631348e+00
9.000000000000000000e+00 1.421476244926452637e+00
1.000000000000000000e+01 1.395804643630981445e+00
1.100000000000000000e+01 1.391396641731262207e+00
1.200000000000000000e+01 1.397408843040466309e+00
1.300000000000000000e+01 1.412945747375488281e+00
1.400000000000000000e+01 1.429688215255737305e+00
1.500000000000000000e+01 1.451979279518127441e+00
1.600000000000000000e+01 1.403264403343200684e+00
1.700000000000000000e+01 1.397873044013977051e+00
1.800000000000000000e+01 1.413470029830932617e+00
1.900000000000000000e+01 1.438091278076171875e+00
2.000000000000000000e+01 1.430982470512390137e+00
2.100000000000000000e+01 1.390993475914001465e+00
2.200000000000000000e+01 1.421577453613281250e+00
2.300000000000000000e+01 1.430966138839721680e+00
2.400000000000000000e+01 1.421436667442321777e+00
2.500000000000000000e+01 1.416543722152709961e+00
2.600000000000000000e+01 1.422201991081237793e+00
2.700000000000000000e+01 1.418154478073120117e+00
2.800000000000000000e+01 1.415543556213378906e+00
2.900000000000000000e+01 1.460263609886169434e+00
3.000000000000000000e+01 1.423104763031005859e+00
3.100000000000000000e+01 1.437170505523681641e+00
3.200000000000000000e+01 1.433218955993652344e+00
3.300000000000000000e+01 1.370115518569946289e+00
3.400000000000000000e+01 1.404044747352600098e+00
3.500000000000000000e+01 1.422682642936706543e+00
3.600000000000000000e+01 1.409942269325256348e+00
3.700000000000000000e+01 1.401978850364685059e+00
3.800000000000000000e+01 1.434555411338806152e+00
3.900000000000000000e+01 1.472407579421997070e+00
4.000000000000000000e+01 1.409423351287841797e+00
4.100000000000000000e+01 1.406336069107055664e+00
4.200000000000000000e+01 1.433309435844421387e+00
4.300000000000000000e+01 1.409247636795043945e+00
4.400000000000000000e+01 1.464736938476562500e+00
4.500000000000000000e+01 1.493885993957519531e+00
4.600000000000000000e+01 1.462118864059448242e+00
4.700000000000000000e+01 1.383413672447204590e+00
4.800000000000000000e+01 1.436838865280151367e+00
4.900000000000000000e+01 1.364639997482299805e+00
5.000000000000000000e+01 1.414805889129638672e+00
5.100000000000000000e+01 1.362705826759338379e+00
5.200000000000000000e+01 1.408128976821899414e+00
5.300000000000000000e+01 1.418092966079711914e+00
5.400000000000000000e+01 1.435637831687927246e+00
5.500000000000000000e+01 1.456987023353576660e+00
5.600000000000000000e+01 1.395940423011779785e+00
5.700000000000000000e+01 1.328819274902343750e+00
5.800000000000000000e+01 1.441942214965820312e+00
5.900000000000000000e+01 1.507269382476806641e+00
6.000000000000000000e+01 1.420130848884582520e+00
6.100000000000000000e+01 1.350313663482666016e+00
6.200000000000000000e+01 1.362206578254699707e+00
6.300000000000000000e+01 1.310040116310119629e+00
6.400000000000000000e+01 1.387608885765075684e+00
6.500000000000000000e+01 1.325609087944030762e+00
6.600000000000000000e+01 1.355795979499816895e+00
6.700000000000000000e+01 1.392837762832641602e+00
6.800000000000000000e+01 1.412486553192138672e+00
6.900000000000000000e+01 1.425105810165405273e+00
7.000000000000000000e+01 1.388351678848266602e+00
7.100000000000000000e+01 1.410291075706481934e+00
7.200000000000000000e+01 1.393587589263916016e+00
7.300000000000000000e+01 1.397858977317810059e+00
7.400000000000000000e+01 1.414073824882507324e+00
7.500000000000000000e+01 1.389366626739501953e+00
7.600000000000000000e+01 1.379503130912780762e+00
7.700000000000000000e+01 1.379832744598388672e+00
7.800000000000000000e+01 1.400844931602478027e+00
7.900000000000000000e+01 1.355045199394226074e+00
8.000000000000000000e+01 1.452597141265869141e+00
8.100000000000000000e+01 1.411364912986755371e+00
8.200000000000000000e+01 1.385047912597656250e+00
8.300000000000000000e+01 1.381943345069885254e+00
8.400000000000000000e+01 1.420981287956237793e+00
8.500000000000000000e+01 1.435060620307922363e+00
8.600000000000000000e+01 1.381355524063110352e+00
8.700000000000000000e+01 1.397042274475097656e+00
8.800000000000000000e+01 1.380875706672668457e+00
8.900000000000000000e+01 1.392115354537963867e+00
9.000000000000000000e+01 1.382137298583984375e+00
9.100000000000000000e+01 1.403351664543151855e+00
9.200000000000000000e+01 1.484354376792907715e+00
9.300000000000000000e+01 1.360288381576538086e+00
9.400000000000000000e+01 1.404210329055786133e+00
9.500000000000000000e+01 1.440256595611572266e+00
9.600000000000000000e+01 1.380066275596618652e+00
9.700000000000000000e+01 1.302757024765014648e+00
9.800000000000000000e+01 1.394102334976196289e+00
9.900000000000000000e+01 1.435466408729553223e+00
