0.000000000000000000e+00 2.248136281967163086e+00
1.000000000000000000e+00 2.180410146713256836e+00
2.000000000000000000e+00 2.148678779602050781e+00
3.000000000000000000e+00 2.252898931503295898e+00
4.000000000000000000e+00 2.146363735198974609e+00
5.000000000000000000e+00 2.161640167236328125e+00
6.000000000000000000e+00 2.137915372848510742e+00
7.000000000000000000e+00 2.241781473159790039e+00
8.000000000000000000e+00 2.127420425415039062e+00
9.000000000000000000e+00 2.207871437072753906e+00
1.000000000000000000e+01 2.132115602493286133e+00
1.100000000000000000e+01 2.145525932312011719e+00
1.200000000000000000e+01 2.209422826766967773e+00
1.300000000000000000e+01 2.195800065994262695e+00
1.400000000000000000e+01 2.172355413436889648e+00
1.500000000000000000e+01 2.149126052856445312e+00
1.600000000000000000e+01 2.246613740921020508e+00
1.700000000000000000e+01 2.205755710601806641e+00
1.800000000000000000e+01 2.118201255798339844e+00
1.900000000000000000e+01 2.198705196380615234e+00
2.000000000000000000e+01 2.156234502792358398e+00
2.100000000000000000e+01 2.187599182128906250e+00
2.200000000000000000e+01 2.177316427230834961e+00
2.300000000000000000e+01 2.125355482101440430e+00
2.400000000000000000e+01 2.175338506698608398e+00
2.500000000000000000e+01 2.125819921493530273e+00
2.600000000000000000e+01 2.116416692733764648e+00
2.700000000000000000e+01 2.173326253890991211e+00
2.800000000000000000e+01 2.152581214904785156e+00
2.900000000000000000e+01 2.120651245117187500e+00
3.000000000000000000e+01 2.184157848358154297e+00
3.100000000000000000e+01 2.204787015914916992e+00
3.200000000000000000e+01 2.265048742294311523e+00
3.300000000000000000e+01 2.188663482666015625e+00
3.400000000000000000e+01 2.195669651031494141e+00
3.500000000000000000e+01 2.187481641769409180e+00
3.600000000000000000e+01 2.215149641036987305e+00
3.700000000000000000e+01 2.133204936981201172e+00
3.800000000000000000e+01 2.309980869293212891e+00
3.900000000000000000e+01 2.193138122558593750e+00
4.000000000000000000e+01 2.134860754013061523e+00
4.100000000000000000e+01 2.249936342239379883e+00
4.200000000000000000e+01 2.206979274749755859e+00
4.300000000000000000e+01 2.216089963912963867e+00
4.400000000000000000e+01 2.301182746887207031e+00
4.500000000000000000e+01 2.184402227401733398e+00
4.600000000000000000e+01 2.197838783264160156e+00
4.700000000000000000e+01 2.180108547210693359e+00
4.800000000000000000e+01 2.323884010314941406e+00
4.900000000000000000e+01 2.285541534423828125e+00
5.000000000000000000e+01 2.221946001052856445e+00
5.100000000000000000e+01 2.244233369827270508e+00
5.200000000000000000e+01 2.177092075347900391e+00
5.300000000000000000e+01 2.201075553894042969e+00
5.400000000000000000e+01 2.282996416091918945e+00
5.500000000000000000e+01 2.168056726455688477e+00
5.600000000000000000e+01 2.215814828872680664e+00
5.700000000000000000e+01 2.182928562164306641e+00
5.800000000000000000e+01 2.189975500106811523e+00
5.900000000000000000e+01 2.135596036911010742e+00
6.000000000000000000e+01 2.167520046234130859e+00
6.100000000000000000e+01 2.150341510772705078e+00
6.200000000000000000e+01 2.223624706268310547e+00
6.300000000000000000e+01 2.262075662612915039e+00
6.400000000000000000e+01 2.201473236083984375e+00
6.500000000000000000e+01 2.269770145416259766e+00
6.600000000000000000e+01 2.255092859268188477e+00
6.700000000000000000e+01 2.183661222457885742e+00
6.800000000000000000e+01 2.041682243347167969e+00
6.900000000000000000e+01 2.259769678115844727e+00
7.000000000000000000e+01 2.231351852416992188e+00
7.100000000000000000e+01 2.169405698776245117e+00
7.200000000000000000e+01 2.046461582183837891e+00
7.300000000000000000e+01 2.206928014755249023e+00
7.400000000000000000e+01 2.187865257263183594e+00
7.500000000000000000e+01 2.189554214477539062e+00
7.600000000000000000e+01 2.175683498382568359e+00
7.700000000000000000e+01 2.201160430908203125e+00
7.800000000000000000e+01 2.204062223434448242e+00
7.900000000000000000e+01 2.175573825836181641e+00
8.000000000000000000e+01 2.216928720474243164e+00
8.100000000000000000e+01 2.177125692367553711e+00
8.200000000000000000e+01 2.232195854187011719e+00
8.300000000000000000e+01 2.165111541748046875e+00
8.400000000000000000e+01 2.182628870010375977e+00
8.500000000000000000e+01 2.186628103256225586e+00
8.600000000000000000e+01 2.284894704818725586e+00
8.700000000000000000e+01 2.225270748138427734e+00
8.800000000000000000e+01 2.120900630950927734e+00
8.900000000000000000e+01 2.169764995574951172e+00
9.000000000000000000e+01 2.182674646377563477e+00
9.100000000000000000e+01 2.180652856826782227e+00
9.200000000000000000e+01 2.234801769256591797e+00
9.300000000000000000e+01 2.154442310333251953e+00
9.400000000000000000e+01 2.239723205566406250e+00
9.500000000000000000e+01 2.187547922134399414e+00
9.600000000000000000e+01 2.165547609329223633e+00
9.700000000000000000e+01 2.156327486038208008e+00
9.800000000000000000e+01 2.249019861221313477e+00
9.900000000000000000e+01 2.174838781356811523e+00
