0.000000000000000000e+00 2.621434450149536133e+00
1.000000000000000000e+00 2.631489753723144531e+00
2.000000000000000000e+00 2.595343589782714844e+00
3.000000000000000000e+00 2.602254867553710938e+00
4.000000000000000000e+00 2.577272415161132812e+00
5.000000000000000000e+00 2.551628589630126953e+00
6.000000000000000000e+00 2.551851987838745117e+00
7.000000000000000000e+00 2.612997293472290039e+00
8.000000000000000000e+00 2.552039384841918945e+00
9.000000000000000000e+00 2.567462682723999023e+00
1.000000000000000000e+01 2.544628858566284180e+00
1.100000000000000000e+01 2.570182561874389648e+00
1.200000000000000000e+01 2.604341030120849609e+00
1.300000000000000000e+01 2.555099248886108398e+00
1.400000000000000000e+01 2.602501869201660156e+00
1.500000000000000000e+01 2.582187652587890625e+00
1.600000000000000000e+01 2.579747200012207031e+00
1.700000000000000000e+01 2.606745243072509766e+00
1.800000000000000000e+01 2.632485389709472656e+00
1.900000000000000000e+01 2.579465627670288086e+00
2.000000000000000000e+01 2.655309200286865234e+00
2.100000000000000000e+01 2.577867507934570312e+00
2.200000000000000000e+01 2.671451807022094727e+00
2.300000000000000000e+01 2.695277690887451172e+00
2.400000000000000000e+01 2.669602394104003906e+00
2.500000000000000000e+01 2.682482481002807617e+00
2.600000000000000000e+01 2.577888965606689453e+00
2.700000000000000000e+01 2.674407720565795898e+00
2.800000000000000000e+01 2.637100219726562500e+00
2.900000000000000000e+01 2.618029117584228516e+00
3.000000000000000000e+01 2.744790554046630859e+00
3.100000000000000000e+01 2.604008913040161133e+00
3.200000000000000000e+01 2.724572896957397461e+00
3.300000000000000000e+01 2.720659255981445312e+00
3.400000000000000000e+01 2.619427919387817383e+00
3.500000000000000000e+01 2.597976922988891602e+00
3.600000000000000000e+01 2.609891176223754883e+00
3.700000000000000000e+01 2.582274913787841797e+00
3.800000000000000000e+01 2.671444654464721680e+00
3.900000000000000000e+01 2.629313707351684570e+00
4.000000000000000000e+01 2.590618133544921875e+00
4.100000000000000000e+01 2.614762306213378906e+00
4.200000000000000000e+01 2.696644783020019531e+00
4.300000000000000000e+01 2.610326290130615234e+00
4.400000000000000000e+01 2.553499460220336914e+00
4.500000000000000000e+01 2.544591188430786133e+00
4.600000000000000000e+01 2.588443756103515625e+00
4.700000000000000000e+01 2.720662593841552734e+00
4.800000000000000000e+01 2.621801137924194336e+00
4.900000000000000000e+01 2.570318460464477539e+00
5.000000000000000000e+01 2.578336238861083984e+00
5.100000000000000000e+01 2.612421751022338867e+00
5.200000000000000000e+01 2.546880245208740234e+00
5.300000000000000000e+01 2.565760135650634766e+00
5.400000000000000000e+01 2.618301630020141602e+00
5.500000000000000000e+01 2.553367376327514648e+00
5.600000000000000000e+01 2.626102924346923828e+00
5.700000000000000000e+01 2.659293174743652344e+00
5.800000000000000000e+01 2.587747335433959961e+00
5.900000000000000000e+01 2.650182008743286133e+00
6.000000000000000000e+01 2.608699560165405273e+00
6.100000000000000000e+01 2.587770938873291016e+00
6.200000000000000000e+01 2.629345417022705078e+00
6.300000000000000000e+01 2.579014062881469727e+00
6.400000000000000000e+01 2.545710325241088867e+00
6.500000000000000000e+01 2.536453485488891602e+00
6.600000000000000000e+01 2.517158746719360352e+00
6.700000000000000000e+01 2.566463947296142578e+00
6.800000000000000000e+01 2.565631628036499023e+00
6.900000000000000000e+01 2.598496198654174805e+00
7.000000000000000000e+01 2.577843427658081055e+00
7.100000000000000000e+01 2.537914276123046875e+00
7.200000000000000000e+01 2.563369989395141602e+00
7.300000000000000000e+01 2.634968519210815430e+00
7.400000000000000000e+01 2.572286844253540039e+00
7.500000000000000000e+01 2.604021310806274414e+00
7.600000000000000000e+01 2.644949913024902344e+00
7.700000000000000000e+01 2.579822540283203125e+00
7.800000000000000000e+01 2.567832469940185547e+00
7.900000000000000000e+01 2.610119104385375977e+00
8.000000000000000000e+01 2.657979726791381836e+00
8.100000000000000000e+01 2.620570659637451172e+00
8.200000000000000000e+01 2.651299476623535156e+00
8.300000000000000000e+01 2.519148349761962891e+00
8.400000000000000000e+01 2.593870639801025391e+00
8.500000000000000000e+01 2.569361925125122070e+00
8.600000000000000000e+01 2.559040546417236328e+00
8.700000000000000000e+01 2.656599521636962891e+00
8.800000000000000000e+01 2.650518417358398438e+00
8.900000000000000000e+01 2.727535486221313477e+00
9.000000000000000000e+01 2.636375188827514648e+00
9.100000000000000000e+01 2.585067987442016602e+00
9.200000000000000000e+01 2.551108121871948242e+00
9.300000000000000000e+01 2.644392967224121094e+00
9.400000000000000000e+01 2.635100603103637695e+00
9.500000000000000000e+01 2.636106014251708984e+00
9.600000000000000000e+01 2.599633216857910156e+00
9.700000000000000000e+01 2.546695709228515625e+00
9.800000000000000000e+01 2.549044609069824219e+00
9.900000000000000000e+01 2.695208072662353516e+00
