0.000000000000000000e+00 2.410223007202148438e+00
1.000000000000000000e+00 2.442266941070556641e+00
2.000000000000000000e+00 2.500472307205200195e+00
3.000000000000000000e+00 2.445457458496093750e+00
4.000000000000000000e+00 2.601995944976806641e+00
5.000000000000000000e+00 2.410266876220703125e+00
6.000000000000000000e+00 2.460448265075683594e+00
7.000000000000000000e+00 2.435189485549926758e+00
8.000000000000000000e+00 2.528956174850463867e+00
9.000000000000000000e+00 2.537245750427246094e+00
1.000000000000000000e+01 2.603418350219726562e+00
1.100000000000000000e+01 2.462120771408081055e+00
1.200000000000000000e+01 2.521579027175903320e+00
1.300000000000000000e+01 2.507011651992797852e+00
1.400000000000000000e+01 2.569019317626953125e+00
1.500000000000000000e+01 2.557328224182128906e+00
1.600000000000000000e+01 2.583961248397827148e+00
1.700000000000000000e+01 2.495183706283569336e+00
1.800000000000000000e+01 2.495678901672363281e+00
1.900000000000000000e+01 2.315778970718383789e+00
2.000000000000000000e+01 2.420032262802124023e+00
2.100000000000000000e+01 2.443709373474121094e+00
2.200000000000000000e+01 2.394740819931030273e+00
2.300000000000000000e+01 2.523200273513793945e+00
2.400000000000000000e+01 2.513263225555419922e+00
2.500000000000000000e+01 2.514047145843505859e+00
2.600000000000000000e+01 2.535897970199584961e+00
2.700000000000000000e+01 2.387755632400512695e+00
2.800000000000000000e+01 2.507269382476806641e+00
2.900000000000000000e+01 2.542628765106201172e+00
3.000000000000000000e+01 2.589415788650512695e+00
3.100000000000000000e+01 2.594325542449951172e+00
3.200000000000000000e+01 2.494693517684936523e+00
3.300000000000000000e+01 2.448042154312133789e+00
3.400000000000000000e+01 2.596432685852050781e+00
3.500000000000000000e+01 2.516873359680175781e+00
3.600000000000000000e+01 2.522881746292114258e+00
3.700000000000000000e+01 2.577836751937866211e+00
3.800000000000000000e+01 2.471142292022705078e+00
3.900000000000000000e+01 2.502839565277099609e+00
4.000000000000000000e+01 2.552903890609741211e+00
4.100000000000000000e+01 2.542420864105224609e+00
4.200000000000000000e+01 2.571648359298706055e+00
4.300000000000000000e+01 2.562778472900390625e+00
4.400000000000000000e+01 2.458870649337768555e+00
4.500000000000000000e+01 2.408366203308105469e+00
4.600000000000000000e+01 2.539392232894897461e+00
4.700000000000000000e+01 2.435014963150024414e+00
4.800000000000000000e+01 2.516900539398193359e+00
4.900000000000000000e+01 2.513812303543090820e+00
5.000000000000000000e+01 2.523647308349609375e+00
5.100000000000000000e+01 2.601949214935302734e+00
5.200000000000000000e+01 2.482848882675170898e+00
5.300000000000000000e+01 2.517912149429321289e+00
5.400000000000000000e+01 2.521126031875610352e+00
5.500000000000000000e+01 2.605282068252563477e+00
5.600000000000000000e+01 2.598869562149047852e+00
5.700000000000000000e+01 2.585007429122924805e+00
5.800000000000000000e+01 2.497656106948852539e+00
5.900000000000000000e+01 2.566573858261108398e+00
6.000000000000000000e+01 2.533933162689208984e+00
6.100000000000000000e+01 2.459499120712280273e+00
6.200000000000000000e+01 2.532700538635253906e+00
6.300000000000000000e+01 2.503462314605712891e+00
6.400000000000000000e+01 2.545876264572143555e+00
6.500000000000000000e+01 2.566932439804077148e+00
6.600000000000000000e+01 2.491410732269287109e+00
6.700000000000000000e+01 2.529543161392211914e+00
6.800000000000000000e+01 2.453043699264526367e+00
6.900000000000000000e+01 2.524199724197387695e+00
7.000000000000000000e+01 2.521754980087280273e+00
7.100000000000000000e+01 2.620318651199340820e+00
7.200000000000000000e+01 2.555614709854125977e+00
7.300000000000000000e+01 2.577958822250366211e+00
7.400000000000000000e+01 2.560067892074584961e+00
7.500000000000000000e+01 2.513160228729248047e+00
7.600000000000000000e+01 2.524645090103149414e+00
7.700000000000000000e+01 2.510967969894409180e+00
7.800000000000000000e+01 2.539865493774414062e+00
7.900000000000000000e+01 2.474180936813354492e+00
8.000000000000000000e+01 2.476428985595703125e+00
8.100000000000000000e+01 2.503448486328125000e+00
8.200000000000000000e+01 2.629570960998535156e+00
8.300000000000000000e+01 2.500223398208618164e+00
8.400000000000000000e+01 2.492599487304687500e+00
8.500000000000000000e+01 2.462315559387207031e+00
8.600000000000000000e+01 2.537569046020507812e+00
8.700000000000000000e+01 2.518766641616821289e+00
8.800000000000000000e+01 2.448985576629638672e+00
8.900000000000000000e+01 2.462816953659057617e+00
9.000000000000000000e+01 2.493228673934936523e+00
9.100000000000000000e+01 2.526835918426513672e+00
9.200000000000000000e+01 2.522542715072631836e+00
9.300000000000000000e+01 2.556710720062255859e+00
9.400000000000000000e+01 2.516053438186645508e+00
9.500000000000000000e+01 2.548985719680786133e+00
9.600000000000000000e+01 2.520680904388427734e+00
9.700000000000000000e+01 2.489389896392822266e+00
9.800000000000000000e+01 2.510606765747070312e+00
9.900000000000000000e+01 2.514816761016845703e+00
