0.000000000000000000e+00 2.008984327316284180e+00
1.000000000000000000e+00 1.964598059654235840e+00
2.000000000000000000e+00 2.052682638168334961e+00
3.000000000000000000e+00 2.109238386154174805e+00
4.000000000000000000e+00 2.093537092208862305e+00
5.000000000000000000e+00 2.034378767013549805e+00
6.000000000000000000e+00 2.073513507843017578e+00
7.000000000000000000e+00 2.069309473037719727e+00
8.000000000000000000e+00 2.089987039566040039e+00
9.000000000000000000e+00 2.048141956329345703e+00
1.000000000000000000e+01 2.063329219818115234e+00
1.100000000000000000e+01 2.031786441802978516e+00
1.200000000000000000e+01 2.101271390914916992e+00
1.300000000000000000e+01 2.068304538726806641e+00
1.400000000000000000e+01 2.041790962219238281e+00
1.500000000000000000e+01 1.997028589248657227e+00
1.600000000000000000e+01 2.062513589859008789e+00
1.700000000000000000e+01 2.050084114074707031e+00
1.800000000000000000e+01 2.056211948394775391e+00
1.900000000000000000e+01 2.140709400177001953e+00
2.000000000000000000e+01 2.034249305725097656e+00
2.100000000000000000e+01 2.036161184310913086e+00
2.200000000000000000e+01 2.091382741928100586e+00
2.300000000000000000e+01 2.013308048248291016e+00
2.400000000000000000e+01 2.009105682373046875e+00
2.500000000000000000e+01 2.045726776123046875e+00
2.600000000000000000e+01 2.002263784408569336e+00
2.700000000000000000e+01 2.027169466018676758e+00
2.800000000000000000e+01 2.058382987976074219e+00
2.900000000000000000e+01 2.054973125457763672e+00
3.000000000000000000e+01 2.132736682891845703e+00
3.100000000000000000e+01 2.073228120803833008e+00
3.200000000000000000e+01 1.994241118431091309e+00
3.300000000000000000e+01 2.003209114074707031e+00
3.400000000000000000e+01 2.091582059860229492e+00
3.500000000000000000e+01 2.030186653137207031e+00
3.600000000000000000e+01 2.042886495590209961e+00
3.700000000000000000e+01 2.041215896606445312e+00
3.800000000000000000e+01 2.073812961578369141e+00
3.900000000000000000e+01 2.044937372207641602e+00
4.000000000000000000e+01 2.080109596252441406e+00
4.100000000000000000e+01 2.059875011444091797e+00
4.200000000000000000e+01 2.059386014938354492e+00
4.300000000000000000e+01 2.081085920333862305e+00
4.400000000000000000e+01 2.096790552139282227e+00
4.500000000000000000e+01 2.067223548889160156e+00
4.600000000000000000e+01 2.049138545989990234e+00
4.700000000000000000e+01 2.092627286911010742e+00
4.800000000000000000e+01 1.997672080993652344e+00
4.900000000000000000e+01 2.103843450546264648e+00
5.000000000000000000e+01 2.028563499450683594e+00
5.100000000000000000e+01 2.068617105484008789e+00
5.200000000000000000e+01 2.083160400390625000e+00
5.300000000000000000e+01 2.071322917938232422e+00
5.400000000000000000e+01 2.029215812683105469e+00
5.500000000000000000e+01 1.960297346115112305e+00
5.600000000000000000e+01 2.073034524917602539e+00
5.700000000000000000e+01 2.075526952743530273e+00
5.800000000000000000e+01 2.068144559860229492e+00
5.900000000000000000e+01 2.044883251190185547e+00
6.000000000000000000e+01 2.068281173706054688e+00
6.100000000000000000e+01 1.977717280387878418e+00
6.200000000000000000e+01 2.081312894821166992e+00
6.300000000000000000e+01 1.991989493370056152e+00
6.400000000000000000e+01 2.050620794296264648e+00
6.500000000000000000e+01 2.035270214080810547e+00
6.600000000000000000e+01 1.949852585792541504e+00
6.700000000000000000e+01 2.091787815093994141e+00
6.800000000000000000e+01 2.100553274154663086e+00
6.900000000000000000e+01 2.061577081680297852e+00
7.000000000000000000e+01 2.059612035751342773e+00
7.100000000000000000e+01 2.030637025833129883e+00
7.200000000000000000e+01 2.121044635772705078e+00
7.300000000000000000e+01 2.052514314651489258e+00
7.400000000000000000e+01 2.042797327041625977e+00
7.500000000000000000e+01 2.100980997085571289e+00
7.600000000000000000e+01 2.001867771148681641e+00
7.700000000000000000e+01 2.057808637619018555e+00
7.800000000000000000e+01 2.051374673843383789e+00
7.900000000000000000e+01 2.111594676971435547e+00
8.000000000000000000e+01 1.956291913986206055e+00
8.100000000000000000e+01 2.035009384155273438e+00
8.200000000000000000e+01 2.011845111846923828e+00
8.300000000000000000e+01 2.079422950744628906e+00
8.400000000000000000e+01 2.073484420776367188e+00
8.500000000000000000e+01 1.997400522232055664e+00
8.600000000000000000e+01 2.042389869689941406e+00
8.700000000000000000e+01 2.097248792648315430e+00
8.800000000000000000e+01 2.089646816253662109e+00
8.900000000000000000e+01 2.042205333709716797e+00
9.000000000000000000e+01 2.041764020919799805e+00
9.100000000000000000e+01 2.025151491165161133e+00
9.200000000000000000e+01 2.056061267852783203e+00
9.300000000000000000e+01 2.062859535217285156e+00
9.400000000000000000e+01 2.100622177124023438e+00
9.500000000000000000e+01 2.018613100051879883e+00
9.600000000000000000e+01 2.045976877212524414e+00
9.700000000000000000e+01 2.056766986846923828e+00
9.800000000000000000e+01 2.019674777984619141e+00
9.900000000000000000e+01 2.015753507614135742e+00
