0.000000000000000000e+00 2.772026538848876953e+00
1.000000000000000000e+00 2.795107603073120117e+00
2.000000000000000000e+00 2.699326276779174805e+00
3.000000000000000000e+00 2.836939096450805664e+00
4.000000000000000000e+00 2.775891780853271484e+00
5.000000000000000000e+00 2.787903070449829102e+00
6.000000000000000000e+00 2.771875619888305664e+00
7.000000000000000000e+00 2.797083854675292969e+00
8.000000000000000000e+00 2.819122552871704102e+00
9.000000000000000000e+00 2.893743276596069336e+00
1.000000000000000000e+01 2.881836891174316406e+00
1.100000000000000000e+01 2.851902246475219727e+00
1.200000000000000000e+01 2.864009380340576172e+00
1.300000000000000000e+01 2.768501520156860352e+00
1.400000000000000000e+01 2.739938259124755859e+00
1.500000000000000000e+01 2.754292964935302734e+00
1.600000000000000000e+01 2.835859060287475586e+00
1.700000000000000000e+01 2.789210557937622070e+00
1.800000000000000000e+01 2.786649942398071289e+00
1.900000000000000000e+01 2.820639610290527344e+00
2.000000000000000000e+01 2.802496433258056641e+00
2.100000000000000000e+01 2.818790674209594727e+00
2.200000000000000000e+01 2.846137523651123047e+00
2.300000000000000000e+01 2.863775014877319336e+00
2.400000000000000000e+01 2.735791206359863281e+00
2.500000000000000000e+01 2.810601949691772461e+00
2.600000000000000000e+01 2.803534030914306641e+00
2.700000000000000000e+01 2.753706455230712891e+00
2.800000000000000000e+01 2.847406864166259766e+00
2.900000000000000000e+01 2.805054903030395508e+00
3.000000000000000000e+01 2.803928136825561523e+00
3.100000000000000000e+01 2.877124547958374023e+00
3.200000000000000000e+01 2.849342346191406250e+00
3.300000000000000000e+01 2.826131820678710938e+00
3.400000000000000000e+01 2.818177461624145508e+00
3.500000000000000000e+01 2.752583503723144531e+00
3.600000000000000000e+01 2.822469472885131836e+00
3.700000000000000000e+01 2.806150674819946289e+00
3.800000000000000000e+01 2.803664922714233398e+00
3.900000000000000000e+01 2.796783685684204102e+00
4.000000000000000000e+01 2.738841772079467773e+00
4.100000000000000000e+01 2.836494445800781250e+00
4.200000000000000000e+01 2.760956287384033203e+00
4.300000000000000000e+01 2.854684352874755859e+00
4.400000000000000000e+01 2.861140012741088867e+00
4.500000000000000000e+01 2.813442945480346680e+00
4.600000000000000000e+01 2.739251852035522461e+00
4.700000000000000000e+01 2.822017192840576172e+00
4.800000000000000000e+01 2.779201745986938477e+00
4.900000000000000000e+01 2.824309587478637695e+00
5.000000000000000000e+01 2.778295993804931641e+00
5.100000000000000000e+01 2.719230413436889648e+00
5.200000000000000000e+01 2.786530733108520508e+00
5.300000000000000000e+01 2.794595003128051758e+00
5.400000000000000000e+01 2.775257587432861328e+00
5.500000000000000000e+01 2.752709865570068359e+00
5.600000000000000000e+01 2.762099266052246094e+00
5.700000000000000000e+01 2.796716690063476562e+00
5.800000000000000000e+01 2.841809511184692383e+00
5.900000000000000000e+01 2.811182975769042969e+00
6.000000000000000000e+01 2.776526451110839844e+00
6.100000000000000000e+01 2.763599395751953125e+00
6.200000000000000000e+01 2.773851156234741211e+00
6.300000000000000000e+01 2.866452693939208984e+00
6.400000000000000000e+01 2.841948509216308594e+00
6.500000000000000000e+01 2.878724575042724609e+00
6.600000000000000000e+01 2.857729196548461914e+00
6.700000000000000000e+01 2.847843647003173828e+00
6.800000000000000000e+01 2.810734987258911133e+00
6.900000000000000000e+01 2.916276931762695312e+00
7.000000000000000000e+01 2.874506473541259766e+00
7.100000000000000000e+01 2.826716899871826172e+00
7.200000000000000000e+01 2.772465944290161133e+00
7.300000000000000000e+01 2.876417636871337891e+00
7.400000000000000000e+01 2.876147508621215820e+00
7.500000000000000000e+01 2.784155845642089844e+00
7.600000000000000000e+01 2.821984052658081055e+00
7.700000000000000000e+01 2.828738927841186523e+00
7.800000000000000000e+01 2.779031753540039062e+00
7.900000000000000000e+01 2.707057476043701172e+00
8.000000000000000000e+01 2.799979448318481445e+00
8.100000000000000000e+01 2.782805681228637695e+00
8.200000000000000000e+01 2.857030391693115234e+00
8.300000000000000000e+01 2.810020208358764648e+00
8.400000000000000000e+01 2.913033008575439453e+00
8.500000000000000000e+01 2.799576997756958008e+00
8.600000000000000000e+01 2.763119697570800781e+00
8.700000000000000000e+01 2.807953357696533203e+00
8.800000000000000000e+01 2.802947282791137695e+00
8.900000000000000000e+01 2.737710475921630859e+00
9.000000000000000000e+01 2.842705965042114258e+00
9.100000000000000000e+01 2.872007608413696289e+00
9.200000000000000000e+01 2.710599184036254883e+00
9.300000000000000000e+01 2.928674221038818359e+00
9.400000000000000000e+01 2.727790355682373047e+00
9.500000000000000000e+01 2.811227321624755859e+00
9.600000000000000000e+01 2.807657003402709961e+00
9.700000000000000000e+01 2.745602130889892578e+00
9.800000000000000000e+01 2.810003995895385742e+00
9.900000000000000000e+01 2.821223974227905273e+00
