0.000000000000000000e+00 2.857633829116821289e+00
1.000000000000000000e+00 2.798069000244140625e+00
2.000000000000000000e+00 2.910641431808471680e+00
3.000000000000000000e+00 2.844094753265380859e+00
4.000000000000000000e+00 2.894063234329223633e+00
5.000000000000000000e+00 2.908726215362548828e+00
6.000000000000000000e+00 2.993106365203857422e+00
7.000000000000000000e+00 2.878468513488769531e+00
8.000000000000000000e+00 3.007127761840820312e+00
9.000000000000000000e+00 2.900523900985717773e+00
1.000000000000000000e+01 2.978877782821655273e+00
1.100000000000000000e+01 2.893027067184448242e+00
1.200000000000000000e+01 2.937296867370605469e+00
1.300000000000000000e+01 2.875003099441528320e+00
1.400000000000000000e+01 2.854194879531860352e+00
1.500000000000000000e+01 2.839680433273315430e+00
1.600000000000000000e+01 2.908517122268676758e+00
1.700000000000000000e+01 2.915158987045288086e+00
1.800000000000000000e+01 2.911922693252563477e+00
1.900000000000000000e+01 3.025842189788818359e+00
2.000000000000000000e+01 2.953414440155029297e+00
2.100000000000000000e+01 2.900724887847900391e+00
2.200000000000000000e+01 2.979494810104370117e+00
2.300000000000000000e+01 2.927766561508178711e+00
2.400000000000000000e+01 2.857886075973510742e+00
2.500000000000000000e+01 2.884921550750732422e+00
2.600000000000000000e+01 2.880117177963256836e+00
2.700000000000000000e+01 2.923489809036254883e+00
2.800000000000000000e+01 2.922347307205200195e+00
2.900000000000000000e+01 2.876589298248291016e+00
3.000000000000000000e+01 2.971693038940429688e+00
3.100000000000000000e+01 2.843871831893920898e+00
3.200000000000000000e+01 2.853955984115600586e+00
3.300000000000000000e+01 2.933970928192138672e+00
3.400000000000000000e+01 2.919383525848388672e+00
3.500000000000000000e+01 2.821406364440917969e+00
3.600000000000000000e+01 2.864641189575195312e+00
3.700000000000000000e+01 2.951895952224731445e+00
3.800000000000000000e+01 2.942494869232177734e+00
3.900000000000000000e+01 2.928091287612915039e+00
4.000000000000000000e+01 2.904946088790893555e+00
4.100000000000000000e+01 2.906891345977783203e+00
4.200000000000000000e+01 2.868136405944824219e+00
4.300000000000000000e+01 2.867266416549682617e+00
4.400000000000000000e+01 2.894664287567138672e+00
4.500000000000000000e+01 2.905683994293212891e+00
4.600000000000000000e+01 2.900449991226196289e+00
4.700000000000000000e+01 2.958946943283081055e+00
4.800000000000000000e+01 2.968346834182739258e+00
4.900000000000000000e+01 2.889022588729858398e+00
5.000000000000000000e+01 2.981011867523193359e+00
5.100000000000000000e+01 3.000103712081909180e+00
5.200000000000000000e+01 3.000032186508178711e+00
5.300000000000000000e+01 2.918291807174682617e+00
5.400000000000000000e+01 2.928554058074951172e+00
5.500000000000000000e+01 2.869805574417114258e+00
5.600000000000000000e+01 2.880807399749755859e+00
5.700000000000000000e+01 2.870184898376464844e+00
5.800000000000000000e+01 2.958846330642700195e+00
5.900000000000000000e+01 2.958918094635009766e+00
6.000000000000000000e+01 2.886103630065917969e+00
6.100000000000000000e+01 2.895149946212768555e+00
6.200000000000000000e+01 2.924427509307861328e+00
6.300000000000000000e+01 2.876775741577148438e+00
6.400000000000000000e+01 2.770888090133666992e+00
6.500000000000000000e+01 2.820174932479858398e+00
6.600000000000000000e+01 2.833462953567504883e+00
6.700000000000000000e+01 2.872348308563232422e+00
6.800000000000000000e+01 2.895316362380981445e+00
6.900000000000000000e+01 2.913335800170898438e+00
7.000000000000000000e+01 2.825156927108764648e+00
7.100000000000000000e+01 2.888748168945312500e+00
7.200000000000000000e+01 2.909849882125854492e+00
7.300000000000000000e+01 2.938830852508544922e+00
7.400000000000000000e+01 2.950134515762329102e+00
7.500000000000000000e+01 3.015138149261474609e+00
7.600000000000000000e+01 2.998889207839965820e+00
7.700000000000000000e+01 2.946853160858154297e+00
7.800000000000000000e+01 2.932098150253295898e+00
7.900000000000000000e+01 2.836977481842041016e+00
8.000000000000000000e+01 2.924154281616210938e+00
8.100000000000000000e+01 2.914205312728881836e+00
8.200000000000000000e+01 2.944697380065917969e+00
8.300000000000000000e+01 2.907394409179687500e+00
8.400000000000000000e+01 2.902235984802246094e+00
8.500000000000000000e+01 3.017702817916870117e+00
8.600000000000000000e+01 2.983909130096435547e+00
8.700000000000000000e+01 2.884187459945678711e+00
8.800000000000000000e+01 2.932759046554565430e+00
8.900000000000000000e+01 2.880878686904907227e+00
9.000000000000000000e+01 2.868088006973266602e+00
9.100000000000000000e+01 2.889326333999633789e+00
9.200000000000000000e+01 2.931043386459350586e+00
9.300000000000000000e+01 3.026088714599609375e+00
9.400000000000000000e+01 2.857670307159423828e+00
9.500000000000000000e+01 2.963997602462768555e+00
9.600000000000000000e+01 2.948812246322631836e+00
9.700000000000000000e+01 2.934711456298828125e+00
9.800000000000000000e+01 2.938322782516479492e+00
9.900000000000000000e+01 2.972029209136962891e+00
