0.000000000000000000e+00 2.095093488693237305e+00
1.000000000000000000e+00 2.106705427169799805e+00
2.000000000000000000e+00 2.143403053283691406e+00
3.000000000000000000e+00 2.239092350006103516e+00
4.000000000000000000e+00 2.096778392791748047e+00
5.000000000000000000e+00 2.095819473266601562e+00
6.000000000000000000e+00 2.176200628280639648e+00
7.000000000000000000e+00 2.048565387725830078e+00
8.000000000000000000e+00 2.214476346969604492e+00
9.000000000000000000e+00 2.127491950988769531e+00
1.000000000000000000e+01 2.130776405334472656e+00
1.100000000000000000e+01 2.063750743865966797e+00
1.200000000000000000e+01 2.124410390853881836e+00
1.300000000000000000e+01 2.146790027618408203e+00
1.400000000000000000e+01 2.094325304031372070e+00
1.500000000000000000e+01 2.102979660034179688e+00
1.600000000000000000e+01 2.085095882415771484e+00
1.700000000000000000e+01 2.059392213821411133e+00
1.800000000000000000e+01 2.091192960739135742e+00
1.900000000000000000e+01 2.090209484100341797e+00
2.000000000000000000e+01 2.188900470733642578e+00
2.100000000000000000e+01 2.109959602355957031e+00
2.200000000000000000e+01 2.125635623931884766e+00
2.300000000000000000e+01 2.104419469833374023e+00
2.400000000000000000e+01 2.169504642486572266e+00
2.500000000000000000e+01 2.112990140914916992e+00
2.600000000000000000e+01 2.081915855407714844e+00
2.700000000000000000e+01 2.065732002258300781e+00
2.800000000000000000e+01 2.145172595977783203e+00
2.900000000000000000e+01 2.100061416625976562e+00
3.000000000000000000e+01 2.108343839645385742e+00
3.100000000000000000e+01 2.180329322814941406e+00
3.200000000000000000e+01 2.097596406936645508e+00
3.300000000000000000e+01 2.114369630813598633e+00
3.400000000000000000e+01 2.072043418884277344e+00
3.500000000000000000e+01 2.049143314361572266e+00
3.600000000000000000e+01 2.114326000213623047e+00
3.700000000000000000e+01 2.026826620101928711e+00
3.800000000000000000e+01 2.058320283889770508e+00
3.900000000000000000e+01 2.099235534667968750e+00
4.000000000000000000e+01 2.113820075988769531e+00
4.100000000000000000e+01 2.089432001113891602e+00
4.200000000000000000e+01 2.075303077697753906e+00
4.300000000000000000e+01 2.126403570175170898e+00
4.400000000000000000e+01 2.113021373748779297e+00
4.500000000000000000e+01 2.095712423324584961e+00
4.600000000000000000e+01 2.106677055358886719e+00
4.700000000000000000e+01 2.072817802429199219e+00
4.800000000000000000e+01 2.133927345275878906e+00
4.900000000000000000e+01 2.038779973983764648e+00
5.000000000000000000e+01 2.162116765975952148e+00
5.100000000000000000e+01 2.042305707931518555e+00
5.200000000000000000e+01 2.099385261535644531e+00
5.300000000000000000e+01 2.059747219085693359e+00
5.400000000000000000e+01 2.135254383087158203e+00
5.500000000000000000e+01 1.998836636543273926e+00
5.600000000000000000e+01 2.165565967559814453e+00
5.700000000000000000e+01 2.174479961395263672e+00
5.800000000000000000e+01 2.134137868881225586e+00
5.900000000000000000e+01 2.050913333892822266e+00
6.000000000000000000e+01 2.114817857742309570e+00
6.100000000000000000e+01 2.176369190216064453e+00
6.200000000000000000e+01 2.180761337280273438e+00
6.300000000000000000e+01 2.105966329574584961e+00
6.400000000000000000e+01 2.028664588928222656e+00
6.500000000000000000e+01 2.221123456954956055e+00
6.600000000000000000e+01 2.116785287857055664e+00
6.700000000000000000e+01 2.094966173171997070e+00
6.800000000000000000e+01 2.073953866958618164e+00
6.900000000000000000e+01 2.097363233566284180e+00
7.000000000000000000e+01 2.101456165313720703e+00
7.100000000000000000e+01 2.065732955932617188e+00
7.200000000000000000e+01 2.031367063522338867e+00
7.300000000000000000e+01 2.087040185928344727e+00
7.400000000000000000e+01 2.128673791885375977e+00
7.500000000000000000e+01 2.092827558517456055e+00
7.600000000000000000e+01 2.055175781250000000e+00
7.700000000000000000e+01 2.108230113983154297e+00
7.800000000000000000e+01 2.061815738677978516e+00
7.900000000000000000e+01 2.106588602066040039e+00
8.000000000000000000e+01 2.111575126647949219e+00
8.100000000000000000e+01 2.117213964462280273e+00
8.200000000000000000e+01 2.180603027343750000e+00
8.300000000000000000e+01 2.178696870803833008e+00
8.400000000000000000e+01 2.055063247680664062e+00
8.500000000000000000e+01 2.190191507339477539e+00
8.600000000000000000e+01 2.069162607192993164e+00
8.700000000000000000e+01 2.071203231811523438e+00
8.800000000000000000e+01 2.085170030593872070e+00
8.900000000000000000e+01 2.100196123123168945e+00
9.000000000000000000e+01 2.087580919265747070e+00
9.100000000000000000e+01 2.050783634185791016e+00
9.200000000000000000e+01 2.114675283432006836e+00
9.300000000000000000e+01 2.135071754455566406e+00
9.400000000000000000e+01 2.075242519378662109e+00
9.500000000000000000e+01 2.095020532608032227e+00
9.600000000000000000e+01 2.075837850570678711e+00
9.700000000000000000e+01 2.109548330307006836e+00
9.800000000000000000e+01 2.069108963012695312e+00
9.900000000000000000e+01 2.089807271957397461e+00
