0.000000000000000000e+00 1.411041021347045898e+00
1.000000000000000000e+00 1.418465375900268555e+00
2.000000000000000000e+00 1.408849000930786133e+00
3.000000000000000000e+00 1.446324229240417480e+00
4.000000000000000000e+00 1.421803355216979980e+00
5.000000000000000000e+00 1.418817996978759766e+00
6.000000000000000000e+00 1.446388006210327148e+00
7.000000000000000000e+00 1.456711769104003906e+00
8.000000000000000000e+00 1.419506311416625977e+00
9.000000000000000000e+00 1.427842617034912109e+00
1.000000000000000000e+01 1.478714466094970703e+00
1.100000000000000000e+01 1.439518332481384277e+00
1.200000000000000000e+01 1.381218791007995605e+00
1.300000000000000000e+01 1.450233817100524902e+00
1.400000000000000000e+01 1.441622495651245117e+00
1.500000000000000000e+01 1.429888248443603516e+00
1.600000000000000000e+01 1.433692812919616699e+00
1.700000000000000000e+01 1.452445030212402344e+00
1.800000000000000000e+01 1.485150694847106934e+00
1.900000000000000000e+01 1.432959794998168945e+00
2.000000000000000000e+01 1.447668313980102539e+00
2.100000000000000000e+01 1.431978344917297363e+00
2.200000000000000000e+01 1.473174929618835449e+00
2.300000000000000000e+01 1.455256462097167969e+00
2.400000000000000000e+01 1.436812043190002441e+00
2.500000000000000000e+01 1.568095922470092773e+00
2.600000000000000000e+01 1.419621706008911133e+00
2.700000000000000000e+01 1.429454088211059570e+00
2.800000000000000000e+01 1.455196738243103027e+00
2.900000000000000000e+01 1.431292653083801270e+00
3.000000000000000000e+01 1.438825845718383789e+00
3.100000000000000000e+01 1.477425694465637207e+00
3.200000000000000000e+01 1.431820631027221680e+00
3.300000000000000000e+01 1.432308673858642578e+00
3.400000000000000000e+01 1.437391519546508789e+00
3.500000000000000000e+01 1.430516362190246582e+00
3.600000000000000000e+01 1.466127634048461914e+00
3.700000000000000000e+01 1.479547977447509766e+00
3.800000000000000000e+01 1.414505124092102051e+00
3.900000000000000000e+01 1.413235187530517578e+00
4.000000000000000000e+01 1.427076816558837891e+00
4.100000000000000000e+01 1.419330835342407227e+00
4.200000000000000000e+01 1.479745388031005859e+00
4.300000000000000000e+01 1.455574393272399902e+00
4.400000000000000000e+01 1.493801474571228027e+00
4.500000000000000000e+01 1.419024586677551270e+00
4.600000000000000000e+01 1.508370518684387207e+00
4.700000000000000000e+01 1.444246530532836914e+00
4.800000000000000000e+01 1.442776203155517578e+00
4.900000000000000000e+01 1.394162774085998535e+00
5.000000000000000000e+01 1.407650113105773926e+00
5.100000000000000000e+01 1.464677453041076660e+00
5.200000000000000000e+01 1.452086925506591797e+00
5.300000000000000000e+01 1.455232739448547363e+00
5.400000000000000000e+01 1.441000580787658691e+00
5.500000000000000000e+01 1.388550877571105957e+00
5.600000000000000000e+01 1.465481996536254883e+00
5.700000000000000000e+01 1.406779408454895020e+00
5.800000000000000000e+01 1.425204992294311523e+00
5.900000000000000000e+01 1.424098730087280273e+00
6.000000000000000000e+01 1.422867298126220703e+00
6.100000000000000000e+01 1.452015757560729980e+00
6.200000000000000000e+01 1.422470927238464355e+00
6.300000000000000000e+01 1.447991490364074707e+00
6.400000000000000000e+01 1.465195417404174805e+00
6.500000000000000000e+01 1.425283312797546387e+00
6.600000000000000000e+01 1.459786176681518555e+00
6.700000000000000000e+01 1.442122220993041992e+00
6.800000000000000000e+01 1.485772490501403809e+00
6.900000000000000000e+01 1.442494869232177734e+00
7.000000000000000000e+01 1.448847889900207520e+00
7.100000000000000000e+01 1.475680828094482422e+00
7.200000000000000000e+01 1.417717218399047852e+00
7.300000000000000000e+01 1.462198019027709961e+00
7.400000000000000000e+01 1.399128198623657227e+00
7.500000000000000000e+01 1.384595513343811035e+00
7.600000000000000000e+01 1.415688633918762207e+00
7.700000000000000000e+01 1.422079086303710938e+00
7.800000000000000000e+01 1.387647628784179688e+00
7.900000000000000000e+01 1.436394453048706055e+00
8.000000000000000000e+01 1.427228689193725586e+00
8.100000000000000000e+01 1.381605982780456543e+00
8.200000000000000000e+01 1.493645548820495605e+00
8.300000000000000000e+01 1.533425569534301758e+00
8.400000000000000000e+01 1.405133128166198730e+00
8.500000000000000000e+01 1.446327924728393555e+00
8.600000000000000000e+01 1.436676025390625000e+00
8.700000000000000000e+01 1.441807508468627930e+00
8.800000000000000000e+01 1.431429028511047363e+00
8.900000000000000000e+01 1.408350944519042969e+00
9.000000000000000000e+01 1.397954344749450684e+00
9.100000000000000000e+01 1.437306761741638184e+00
9.200000000000000000e+01 1.429404973983764648e+00
9.300000000000000000e+01 1.441720843315124512e+00
9.400000000000000000e+01 1.459304213523864746e+00
9.500000000000000000e+01 1.431664943695068359e+00
9.600000000000000000e+01 1.454481124877929688e+00
9.700000000000000000e+01 1.493606925010681152e+00
9.800000000000000000e+01 1.428780078887939453e+00
9.900000000000000000e+01 1.374429464340209961e+00
