0.000000000000000000e+00 2.724846601486206055e+00
1.000000000000000000e+00 2.717003107070922852e+00
2.000000000000000000e+00 2.741142988204956055e+00
3.000000000000000000e+00 2.696844100952148438e+00
4.000000000000000000e+00 2.670670986175537109e+00
5.000000000000000000e+00 2.658750534057617188e+00
6.000000000000000000e+00 2.644682645797729492e+00
7.000000000000000000e+00 2.795905828475952148e+00
8.000000000000000000e+00 2.643545150756835938e+00
9.000000000000000000e+00 2.716743946075439453e+00
1.000000000000000000e+01 2.687441110610961914e+00
1.100000000000000000e+01 2.729589939117431641e+00
1.200000000000000000e+01 2.782105207443237305e+00
1.300000000000000000e+01 2.642007827758789062e+00
1.400000000000000000e+01 2.648164272308349609e+00
1.500000000000000000e+01 2.772000074386596680e+00
1.600000000000000000e+01 2.741588830947875977e+00
1.700000000000000000e+01 2.734168052673339844e+00
1.800000000000000000e+01 2.750930547714233398e+00
1.900000000000000000e+01 2.722967863082885742e+00
2.000000000000000000e+01 2.752633810043334961e+00
2.100000000000000000e+01 2.744306564331054688e+00
2.200000000000000000e+01 2.813478708267211914e+00
2.300000000000000000e+01 2.761772155761718750e+00
2.400000000000000000e+01 2.825663328170776367e+00
2.500000000000000000e+01 2.661353588104248047e+00
2.600000000000000000e+01 2.752821445465087891e+00
2.700000000000000000e+01 2.762093305587768555e+00
2.800000000000000000e+01 2.697915554046630859e+00
2.900000000000000000e+01 2.760573148727416992e+00
3.000000000000000000e+01 2.785660266876220703e+00
3.100000000000000000e+01 2.693356275558471680e+00
3.200000000000000000e+01 2.800014972686767578e+00
3.300000000000000000e+01 2.755497217178344727e+00
3.400000000000000000e+01 2.717569112777709961e+00
3.500000000000000000e+01 2.802479982376098633e+00
3.600000000000000000e+01 2.701637268066406250e+00
3.700000000000000000e+01 2.733585596084594727e+00
3.800000000000000000e+01 2.670808553695678711e+00
3.900000000000000000e+01 2.693021535873413086e+00
4.000000000000000000e+01 2.720749378204345703e+00
4.100000000000000000e+01 2.748517513275146484e+00
4.200000000000000000e+01 2.688632488250732422e+00
4.300000000000000000e+01 2.681472301483154297e+00
4.400000000000000000e+01 2.658384084701538086e+00
4.500000000000000000e+01 2.701427459716796875e+00
4.600000000000000000e+01 2.717505931854248047e+00
4.700000000000000000e+01 2.804384708404541016e+00
4.800000000000000000e+01 2.710047006607055664e+00
4.900000000000000000e+01 2.736821174621582031e+00
5.000000000000000000e+01 2.678552865982055664e+00
5.100000000000000000e+01 2.773631095886230469e+00
5.200000000000000000e+01 2.695579767227172852e+00
5.300000000000000000e+01 2.632140874862670898e+00
5.400000000000000000e+01 2.674471616744995117e+00
5.500000000000000000e+01 2.653654575347900391e+00
5.600000000000000000e+01 2.706645965576171875e+00
5.700000000000000000e+01 2.697981595993041992e+00
5.800000000000000000e+01 2.747494935989379883e+00
5.900000000000000000e+01 2.742101192474365234e+00
6.000000000000000000e+01 2.693789482116699219e+00
6.100000000000000000e+01 2.729028701782226562e+00
6.200000000000000000e+01 2.679984092712402344e+00
6.300000000000000000e+01 2.737511157989501953e+00
6.400000000000000000e+01 2.616338968276977539e+00
6.500000000000000000e+01 2.571070432662963867e+00
6.600000000000000000e+01 2.704318046569824219e+00
6.700000000000000000e+01 2.622869253158569336e+00
6.800000000000000000e+01 2.706631183624267578e+00
6.900000000000000000e+01 2.601579189300537109e+00
7.000000000000000000e+01 2.682599782943725586e+00
7.100000000000000000e+01 2.722223758697509766e+00
7.200000000000000000e+01 2.701876401901245117e+00
7.300000000000000000e+01 2.770013093948364258e+00
7.400000000000000000e+01 2.720485925674438477e+00
7.500000000000000000e+01 2.651114463806152344e+00
7.600000000000000000e+01 2.653482437133789062e+00
7.700000000000000000e+01 2.766137361526489258e+00
7.800000000000000000e+01 2.684841871261596680e+00
7.900000000000000000e+01 2.708203554153442383e+00
8.000000000000000000e+01 2.760354757308959961e+00
8.100000000000000000e+01 2.720843791961669922e+00
8.200000000000000000e+01 2.665199756622314453e+00
8.300000000000000000e+01 2.654416561126708984e+00
8.400000000000000000e+01 2.651842355728149414e+00
8.500000000000000000e+01 2.662777185440063477e+00
8.600000000000000000e+01 2.770643949508666992e+00
8.700000000000000000e+01 2.671895027160644531e+00
8.800000000000000000e+01 2.687876939773559570e+00
8.900000000000000000e+01 2.655855655670166016e+00
9.000000000000000000e+01 2.731115102767944336e+00
9.100000000000000000e+01 2.800622463226318359e+00
9.200000000000000000e+01 2.797449350357055664e+00
9.300000000000000000e+01 2.669695615768432617e+00
9.400000000000000000e+01 2.820862531661987305e+00
9.500000000000000000e+01 2.791322946548461914e+00
9.600000000000000000e+01 2.718432664871215820e+00
9.700000000000000000e+01 2.750252485275268555e+00
9.800000000000000000e+01 2.763360023498535156e+00
9.900000000000000000e+01 2.717123746871948242e+00
