0.000000000000000000e+00 2.313594341278076172e+00
1.000000000000000000e+00 2.217023849487304688e+00
2.000000000000000000e+00 2.253529310226440430e+00
3.000000000000000000e+00 2.257943868637084961e+00
4.000000000000000000e+00 2.274847269058227539e+00
5.000000000000000000e+00 2.328452587127685547e+00
6.000000000000000000e+00 2.322568178176879883e+00
7.000000000000000000e+00 2.282610654830932617e+00
8.000000000000000000e+00 2.322760343551635742e+00
9.000000000000000000e+00 2.193520545959472656e+00
1.000000000000000000e+01 2.243503570556640625e+00
1.100000000000000000e+01 2.288431644439697266e+00
1.200000000000000000e+01 2.360502004623413086e+00
1.300000000000000000e+01 2.213937759399414062e+00
1.400000000000000000e+01 2.225080490112304688e+00
1.500000000000000000e+01 2.239002227783203125e+00
1.600000000000000000e+01 2.276218414306640625e+00
1.700000000000000000e+01 2.319754600524902344e+00
1.800000000000000000e+01 2.178129196166992188e+00
1.900000000000000000e+01 2.420165300369262695e+00
2.000000000000000000e+01 2.339500665664672852e+00
2.100000000000000000e+01 2.286126136779785156e+00
2.200000000000000000e+01 2.303760766983032227e+00
2.300000000000000000e+01 2.281036376953125000e+00
2.400000000000000000e+01 2.284736156463623047e+00
2.500000000000000000e+01 2.331059455871582031e+00
2.600000000000000000e+01 2.424351215362548828e+00
2.700000000000000000e+01 2.305472373962402344e+00
2.800000000000000000e+01 2.363283634185791016e+00
2.900000000000000000e+01 2.345237255096435547e+00
3.000000000000000000e+01 2.286422729492187500e+00
3.100000000000000000e+01 2.263863801956176758e+00
3.200000000000000000e+01 2.339195251464843750e+00
3.300000000000000000e+01 2.261250019073486328e+00
3.400000000000000000e+01 2.302662372589111328e+00
3.500000000000000000e+01 2.224589347839355469e+00
3.600000000000000000e+01 2.303061008453369141e+00
3.700000000000000000e+01 2.320302009582519531e+00
3.800000000000000000e+01 2.338664770126342773e+00
3.900000000000000000e+01 2.212671756744384766e+00
4.000000000000000000e+01 2.267383813858032227e+00
4.100000000000000000e+01 2.248564004898071289e+00
4.200000000000000000e+01 2.225819587707519531e+00
4.300000000000000000e+01 2.291755676269531250e+00
4.400000000000000000e+01 2.242833375930786133e+00
4.500000000000000000e+01 2.328182458877563477e+00
4.600000000000000000e+01 2.317506313323974609e+00
4.700000000000000000e+01 2.354203462600708008e+00
4.800000000000000000e+01 2.250689506530761719e+00
4.900000000000000000e+01 2.377775430679321289e+00
5.000000000000000000e+01 2.266749858856201172e+00
5.100000000000000000e+01 2.373912096023559570e+00
5.200000000000000000e+01 2.353132724761962891e+00
5.300000000000000000e+01 2.354404926300048828e+00
5.400000000000000000e+01 2.391752481460571289e+00
5.500000000000000000e+01 2.380253314971923828e+00
5.600000000000000000e+01 2.364238262176513672e+00
5.700000000000000000e+01 2.317414045333862305e+00
5.800000000000000000e+01 2.394808053970336914e+00
5.900000000000000000e+01 2.294039964675903320e+00
6.000000000000000000e+01 2.279318332672119141e+00
6.100000000000000000e+01 2.255636453628540039e+00
6.200000000000000000e+01 2.281507253646850586e+00
6.300000000000000000e+01 2.243109464645385742e+00
6.400000000000000000e+01 2.335599422454833984e+00
6.500000000000000000e+01 2.221241474151611328e+00
6.600000000000000000e+01 2.264013528823852539e+00
6.700000000000000000e+01 2.231952667236328125e+00
6.800000000000000000e+01 2.282756567001342773e+00
6.900000000000000000e+01 2.291425943374633789e+00
7.000000000000000000e+01 2.329408884048461914e+00
7.100000000000000000e+01 2.318169832229614258e+00
7.200000000000000000e+01 2.208992719650268555e+00
7.300000000000000000e+01 2.281869888305664062e+00
7.400000000000000000e+01 2.351764440536499023e+00
7.500000000000000000e+01 2.302710771560668945e+00
7.600000000000000000e+01 2.357628583908081055e+00
7.700000000000000000e+01 2.292955160140991211e+00
7.800000000000000000e+01 2.304133176803588867e+00
7.900000000000000000e+01 2.301859617233276367e+00
8.000000000000000000e+01 2.314080476760864258e+00
8.100000000000000000e+01 2.296793460845947266e+00
8.200000000000000000e+01 2.333275794982910156e+00
8.300000000000000000e+01 2.247521877288818359e+00
8.400000000000000000e+01 2.216706514358520508e+00
8.500000000000000000e+01 2.391037225723266602e+00
8.600000000000000000e+01 2.219999790191650391e+00
8.700000000000000000e+01 2.307137012481689453e+00
8.800000000000000000e+01 2.277922391891479492e+00
8.900000000000000000e+01 2.341551303863525391e+00
9.000000000000000000e+01 2.260745286941528320e+00
9.100000000000000000e+01 2.235813617706298828e+00
9.200000000000000000e+01 2.239626169204711914e+00
9.300000000000000000e+01 2.236036539077758789e+00
9.400000000000000000e+01 2.273152112960815430e+00
9.500000000000000000e+01 2.297665119171142578e+00
9.600000000000000000e+01 2.313592195510864258e+00
9.700000000000000000e+01 2.277955293655395508e+00
9.800000000000000000e+01 2.296155214309692383e+00
9.900000000000000000e+01 2.268313169479370117e+00
