0.000000000000000000e+00 2.351623773574829102e+00
1.000000000000000000e+00 2.346908569335937500e+00
2.000000000000000000e+00 2.322486639022827148e+00
3.000000000000000000e+00 2.340310096740722656e+00
4.000000000000000000e+00 2.389175653457641602e+00
5.000000000000000000e+00 2.440791606903076172e+00
6.000000000000000000e+00 2.356820821762084961e+00
7.000000000000000000e+00 2.401325225830078125e+00
8.000000000000000000e+00 2.383326053619384766e+00
9.000000000000000000e+00 2.539520978927612305e+00
1.000000000000000000e+01 2.478814840316772461e+00
1.100000000000000000e+01 2.437744617462158203e+00
1.200000000000000000e+01 2.512298822402954102e+00
1.300000000000000000e+01 2.402051448822021484e+00
1.400000000000000000e+01 2.337783336639404297e+00
1.500000000000000000e+01 2.417155027389526367e+00
1.600000000000000000e+01 2.408210754394531250e+00
1.700000000000000000e+01 2.388593196868896484e+00
1.800000000000000000e+01 2.349722623825073242e+00
1.900000000000000000e+01 2.340359449386596680e+00
2.000000000000000000e+01 2.312660694122314453e+00
2.100000000000000000e+01 2.333392858505249023e+00
2.200000000000000000e+01 2.410506486892700195e+00
2.300000000000000000e+01 2.397766828536987305e+00
2.400000000000000000e+01 2.399362802505493164e+00
2.500000000000000000e+01 2.279952526092529297e+00
2.600000000000000000e+01 2.361901998519897461e+00
2.700000000000000000e+01 2.297671079635620117e+00
2.800000000000000000e+01 2.381532669067382812e+00
2.900000000000000000e+01 2.453093767166137695e+00
3.000000000000000000e+01 2.355351924896240234e+00
3.100000000000000000e+01 2.394593000411987305e+00
3.200000000000000000e+01 2.294551849365234375e+00
3.300000000000000000e+01 2.409790754318237305e+00
3.400000000000000000e+01 2.426232337951660156e+00
3.500000000000000000e+01 2.399625062942504883e+00
3.600000000000000000e+01 2.488006830215454102e+00
3.700000000000000000e+01 2.489372253417968750e+00
3.800000000000000000e+01 2.412623882293701172e+00
3.900000000000000000e+01 2.427554607391357422e+00
4.000000000000000000e+01 2.442189216613769531e+00
4.100000000000000000e+01 2.427941560745239258e+00
4.200000000000000000e+01 2.439936876296997070e+00
4.300000000000000000e+01 2.368005275726318359e+00
4.400000000000000000e+01 2.452636003494262695e+00
4.500000000000000000e+01 2.402856349945068359e+00
4.600000000000000000e+01 2.353156328201293945e+00
4.700000000000000000e+01 2.366523742675781250e+00
4.800000000000000000e+01 2.391409158706665039e+00
4.900000000000000000e+01 2.466303348541259766e+00
5.000000000000000000e+01 2.327089786529541016e+00
5.100000000000000000e+01 2.403091192245483398e+00
5.200000000000000000e+01 2.448303937911987305e+00
5.300000000000000000e+01 2.428869962692260742e+00
5.400000000000000000e+01 2.404129266738891602e+00
5.500000000000000000e+01 2.404349803924560547e+00
5.600000000000000000e+01 2.390976428985595703e+00
5.700000000000000000e+01 2.280018329620361328e+00
5.800000000000000000e+01 2.358742952346801758e+00
5.900000000000000000e+01 2.492205381393432617e+00
6.000000000000000000e+01 2.431729316711425781e+00
6.100000000000000000e+01 2.389955997467041016e+00
6.200000000000000000e+01 2.289157390594482422e+00
6.300000000000000000e+01 2.311773538589477539e+00
6.400000000000000000e+01 2.331548452377319336e+00
6.500000000000000000e+01 2.313537359237670898e+00
6.600000000000000000e+01 2.504370689392089844e+00
6.700000000000000000e+01 2.386758804321289062e+00
6.800000000000000000e+01 2.427943944931030273e+00
6.900000000000000000e+01 2.491634130477905273e+00
7.000000000000000000e+01 2.428878545761108398e+00
7.100000000000000000e+01 2.376615524291992188e+00
7.200000000000000000e+01 2.433370828628540039e+00
7.300000000000000000e+01 2.446997404098510742e+00
7.400000000000000000e+01 2.381306648254394531e+00
7.500000000000000000e+01 2.336339473724365234e+00
7.600000000000000000e+01 2.360187292098999023e+00
7.700000000000000000e+01 2.354096889495849609e+00
7.800000000000000000e+01 2.341521024703979492e+00
7.900000000000000000e+01 2.331692457199096680e+00
8.000000000000000000e+01 2.357120752334594727e+00
8.100000000000000000e+01 2.511081457138061523e+00
8.200000000000000000e+01 2.413931369781494141e+00
8.300000000000000000e+01 2.451104879379272461e+00
8.400000000000000000e+01 2.430016517639160156e+00
8.500000000000000000e+01 2.393885850906372070e+00
8.600000000000000000e+01 2.398768186569213867e+00
8.700000000000000000e+01 2.423174858093261719e+00
8.800000000000000000e+01 2.451009273529052734e+00
8.900000000000000000e+01 2.319414377212524414e+00
9.000000000000000000e+01 2.398766279220581055e+00
9.100000000000000000e+01 2.370000600814819336e+00
9.200000000000000000e+01 2.419234752655029297e+00
9.300000000000000000e+01 2.423181295394897461e+00
9.400000000000000000e+01 2.482095003128051758e+00
9.500000000000000000e+01 2.377376556396484375e+00
9.600000000000000000e+01 2.532666683197021484e+00
9.700000000000000000e+01 2.439133167266845703e+00
9.800000000000000000e+01 2.451629638671875000e+00
9.900000000000000000e+01 2.394326925277709961e+00
