0.000000000000000000e+00 3.203391551971435547e+00
1.000000000000000000e+00 3.139360427856445312e+00
2.000000000000000000e+00 3.232410192489624023e+00
3.000000000000000000e+00 3.238900423049926758e+00
4.000000000000000000e+00 3.116762161254882812e+00
5.000000000000000000e+00 3.237818479537963867e+00
6.000000000000000000e+00 3.193714857101440430e+00
7.000000000000000000e+00 3.149822473526000977e+00
8.000000000000000000e+00 3.155987977981567383e+00
9.000000000000000000e+00 3.172527790069580078e+00
1.000000000000000000e+01 3.251000165939331055e+00
1.100000000000000000e+01 3.239440679550170898e+00
1.200000000000000000e+01 3.196658372879028320e+00
1.300000000000000000e+01 3.225935935974121094e+00
1.400000000000000000e+01 3.205721139907836914e+00
1.500000000000000000e+01 3.192425966262817383e+00
1.600000000000000000e+01 3.203968763351440430e+00
1.700000000000000000e+01 3.219216346740722656e+00
1.800000000000000000e+01 3.178409337997436523e+00
1.900000000000000000e+01 3.230424404144287109e+00
2.000000000000000000e+01 3.227051019668579102e+00
2.100000000000000000e+01 3.194033622741699219e+00
2.200000000000000000e+01 3.199557781219482422e+00
2.300000000000000000e+01 3.167711019515991211e+00
2.400000000000000000e+01 3.165048837661743164e+00
2.500000000000000000e+01 3.174286603927612305e+00
2.600000000000000000e+01 3.225408077239990234e+00
2.700000000000000000e+01 3.187395095825195312e+00
2.800000000000000000e+01 3.198826789855957031e+00
2.900000000000000000e+01 3.189605951309204102e+00
3.000000000000000000e+01 3.177767276763916016e+00
3.100000000000000000e+01 3.181563138961791992e+00
3.200000000000000000e+01 3.235876560211181641e+00
3.300000000000000000e+01 3.180914878845214844e+00
3.400000000000000000e+01 3.234785079956054688e+00
3.500000000000000000e+01 3.246414422988891602e+00
3.600000000000000000e+01 3.199166059494018555e+00
3.700000000000000000e+01 3.214594602584838867e+00
3.800000000000000000e+01 3.184834241867065430e+00
3.900000000000000000e+01 3.141901016235351562e+00
4.000000000000000000e+01 3.274819850921630859e+00
4.100000000000000000e+01 3.175691366195678711e+00
4.200000000000000000e+01 3.196105480194091797e+00
4.300000000000000000e+01 3.156497240066528320e+00
4.400000000000000000e+01 3.149938344955444336e+00
4.500000000000000000e+01 3.226613283157348633e+00
4.600000000000000000e+01 3.247347831726074219e+00
4.700000000000000000e+01 3.204812288284301758e+00
4.800000000000000000e+01 3.194391727447509766e+00
4.900000000000000000e+01 3.200320243835449219e+00
5.000000000000000000e+01 3.161237478256225586e+00
5.100000000000000000e+01 3.244073629379272461e+00
5.200000000000000000e+01 3.157373905181884766e+00
5.300000000000000000e+01 3.282529830932617188e+00
5.400000000000000000e+01 3.134561061859130859e+00
5.500000000000000000e+01 3.238808870315551758e+00
5.600000000000000000e+01 3.223155021667480469e+00
5.700000000000000000e+01 3.223337173461914062e+00
5.800000000000000000e+01 3.213382482528686523e+00
5.900000000000000000e+01 3.192960977554321289e+00
6.000000000000000000e+01 3.208946943283081055e+00
6.100000000000000000e+01 3.218466043472290039e+00
6.200000000000000000e+01 3.162978887557983398e+00
6.300000000000000000e+01 3.156352043151855469e+00
6.400000000000000000e+01 3.234164714813232422e+00
6.500000000000000000e+01 3.162973642349243164e+00
6.600000000000000000e+01 3.234408140182495117e+00
6.700000000000000000e+01 3.149570703506469727e+00
6.800000000000000000e+01 3.223986864089965820e+00
6.900000000000000000e+01 3.166573524475097656e+00
7.000000000000000000e+01 3.254583597183227539e+00
7.100000000000000000e+01 3.245242118835449219e+00
7.200000000000000000e+01 3.196684837341308594e+00
7.300000000000000000e+01 3.286632299423217773e+00
7.400000000000000000e+01 3.213207960128784180e+00
7.500000000000000000e+01 3.242574930191040039e+00
7.600000000000000000e+01 3.242509365081787109e+00
7.700000000000000000e+01 3.191137790679931641e+00
7.800000000000000000e+01 3.186924219131469727e+00
7.900000000000000000e+01 3.180476427078247070e+00
8.000000000000000000e+01 3.171447515487670898e+00
8.100000000000000000e+01 3.193874835968017578e+00
8.200000000000000000e+01 3.186264753341674805e+00
8.300000000000000000e+01 3.204477548599243164e+00
8.400000000000000000e+01 3.205773830413818359e+00
8.500000000000000000e+01 3.142303228378295898e+00
8.600000000000000000e+01 3.186154842376708984e+00
8.700000000000000000e+01 3.190938949584960938e+00
8.800000000000000000e+01 3.249923229217529297e+00
8.900000000000000000e+01 3.161557912826538086e+00
9.000000000000000000e+01 3.169538021087646484e+00
9.100000000000000000e+01 3.174256801605224609e+00
9.200000000000000000e+01 3.212772846221923828e+00
9.300000000000000000e+01 3.191125631332397461e+00
9.400000000000000000e+01 3.220329999923706055e+00
9.500000000000000000e+01 3.154323101043701172e+00
9.600000000000000000e+01 3.185094833374023438e+00
9.700000000000000000e+01 3.173010110855102539e+00
9.800000000000000000e+01 3.268160104751586914e+00
9.900000000000000000e+01 3.200651645660400391e+00
