0.000000000000000000e+00 3.171114921569824219e+00
1.000000000000000000e+00 3.190877914428710938e+00
2.000000000000000000e+00 3.151171922683715820e+00
3.000000000000000000e+00 3.114954233169555664e+00
4.000000000000000000e+00 3.089903831481933594e+00
5.000000000000000000e+00 3.214412212371826172e+00
6.000000000000000000e+00 3.180683851242065430e+00
7.000000000000000000e+00 3.078144550323486328e+00
8.000000000000000000e+00 3.135372161865234375e+00
9.000000000000000000e+00 3.148244857788085938e+00
1.000000000000000000e+01 3.152792930603027344e+00
1.100000000000000000e+01 3.153193950653076172e+00
1.200000000000000000e+01 3.130639791488647461e+00
1.300000000000000000e+01 3.221002340316772461e+00
1.400000000000000000e+01 3.075113534927368164e+00
1.500000000000000000e+01 3.153734207153320312e+00
1.600000000000000000e+01 3.126431703567504883e+00
1.700000000000000000e+01 3.160744190216064453e+00
1.800000000000000000e+01 3.142779827117919922e+00
1.900000000000000000e+01 3.203854560852050781e+00
2.000000000000000000e+01 3.170556783676147461e+00
2.100000000000000000e+01 3.114598751068115234e+00
2.200000000000000000e+01 3.159010171890258789e+00
2.300000000000000000e+01 3.153891563415527344e+00
2.400000000000000000e+01 3.145217895507812500e+00
2.500000000000000000e+01 3.249433994293212891e+00
2.600000000000000000e+01 3.173795700073242188e+00
2.700000000000000000e+01 3.152604103088378906e+00
2.800000000000000000e+01 3.111741304397583008e+00
2.900000000000000000e+01 3.156118154525756836e+00
3.000000000000000000e+01 3.160078763961791992e+00
3.100000000000000000e+01 3.171523571014404297e+00
3.200000000000000000e+01 3.204878807067871094e+00
3.300000000000000000e+01 3.186077356338500977e+00
3.400000000000000000e+01 3.182638406753540039e+00
3.500000000000000000e+01 3.154027700424194336e+00
3.600000000000000000e+01 3.169791698455810547e+00
3.700000000000000000e+01 3.206218481063842773e+00
3.800000000000000000e+01 3.107788801193237305e+00
3.900000000000000000e+01 3.035908460617065430e+00
4.000000000000000000e+01 3.129425525665283203e+00
4.100000000000000000e+01 3.231920719146728516e+00
4.200000000000000000e+01 3.102029085159301758e+00
4.300000000000000000e+01 3.120016813278198242e+00
4.400000000000000000e+01 3.182094097137451172e+00
4.500000000000000000e+01 3.148175716400146484e+00
4.600000000000000000e+01 3.143666744232177734e+00
4.700000000000000000e+01 3.201529741287231445e+00
4.800000000000000000e+01 3.126595735549926758e+00
4.900000000000000000e+01 3.191616296768188477e+00
5.000000000000000000e+01 3.169520139694213867e+00
5.100000000000000000e+01 3.199834823608398438e+00
5.200000000000000000e+01 3.194053888320922852e+00
5.300000000000000000e+01 3.165739059448242188e+00
5.400000000000000000e+01 3.172385454177856445e+00
5.500000000000000000e+01 3.203048944473266602e+00
5.600000000000000000e+01 3.197439432144165039e+00
5.700000000000000000e+01 3.086357831954956055e+00
5.800000000000000000e+01 3.157790660858154297e+00
5.900000000000000000e+01 3.130770444869995117e+00
6.000000000000000000e+01 3.174304962158203125e+00
6.100000000000000000e+01 3.201442956924438477e+00
6.200000000000000000e+01 3.148550987243652344e+00
6.300000000000000000e+01 3.077217340469360352e+00
6.400000000000000000e+01 3.159769535064697266e+00
6.500000000000000000e+01 3.095095634460449219e+00
6.600000000000000000e+01 3.109097003936767578e+00
6.700000000000000000e+01 3.155253887176513672e+00
6.800000000000000000e+01 3.146812677383422852e+00
6.900000000000000000e+01 3.128378391265869141e+00
7.000000000000000000e+01 3.097274780273437500e+00
7.100000000000000000e+01 3.051637411117553711e+00
7.200000000000000000e+01 3.180577278137207031e+00
7.300000000000000000e+01 3.175541877746582031e+00
7.400000000000000000e+01 3.156896352767944336e+00
7.500000000000000000e+01 3.146846294403076172e+00
7.600000000000000000e+01 3.124442338943481445e+00
7.700000000000000000e+01 3.160804271697998047e+00
7.800000000000000000e+01 3.220136880874633789e+00
7.900000000000000000e+01 3.165309429168701172e+00
8.000000000000000000e+01 3.148656368255615234e+00
8.100000000000000000e+01 3.212520360946655273e+00
8.200000000000000000e+01 3.102889299392700195e+00
8.300000000000000000e+01 3.196685314178466797e+00
8.400000000000000000e+01 3.166991710662841797e+00
8.500000000000000000e+01 3.207943677902221680e+00
8.600000000000000000e+01 3.177576541900634766e+00
8.700000000000000000e+01 3.139806032180786133e+00
8.800000000000000000e+01 3.179734468460083008e+00
8.900000000000000000e+01 3.149101495742797852e+00
9.000000000000000000e+01 3.140809297561645508e+00
9.100000000000000000e+01 3.150323390960693359e+00
9.200000000000000000e+01 3.200523376464843750e+00
9.300000000000000000e+01 3.150803089141845703e+00
9.400000000000000000e+01 3.178336620330810547e+00
9.500000000000000000e+01 3.184358835220336914e+00
9.600000000000000000e+01 3.186038732528686523e+00
9.700000000000000000e+01 3.166185140609741211e+00
9.800000000000000000e+01 3.147532939910888672e+00
9.900000000000000000e+01 3.159897565841674805e+00
