0.000000000000000000e+00 3.113157510757446289e+00
1.000000000000000000e+00 3.021473884582519531e+00
2.000000000000000000e+00 3.141675233840942383e+00
3.000000000000000000e+00 3.103447914123535156e+00
4.000000000000000000e+00 3.029504060745239258e+00
5.000000000000000000e+00 3.003036260604858398e+00
6.000000000000000000e+00 3.060155153274536133e+00
7.000000000000000000e+00 3.073997735977172852e+00
8.000000000000000000e+00 3.042761087417602539e+00
9.000000000000000000e+00 3.124826431274414062e+00
1.000000000000000000e+01 3.119054794311523438e+00
1.100000000000000000e+01 3.040153264999389648e+00
1.200000000000000000e+01 3.197301387786865234e+00
1.300000000000000000e+01 3.100574731826782227e+00
1.400000000000000000e+01 3.109742641448974609e+00
1.500000000000000000e+01 3.122694969177246094e+00
1.600000000000000000e+01 3.032998561859130859e+00
1.700000000000000000e+01 3.063332796096801758e+00
1.800000000000000000e+01 3.022458791732788086e+00
1.900000000000000000e+01 3.047703266143798828e+00
2.000000000000000000e+01 3.080935001373291016e+00
2.100000000000000000e+01 3.139744043350219727e+00
2.200000000000000000e+01 3.088773965835571289e+00
2.300000000000000000e+01 3.137445211410522461e+00
2.400000000000000000e+01 3.051805019378662109e+00
2.500000000000000000e+01 3.174600362777709961e+00
2.600000000000000000e+01 3.114785909652709961e+00
2.700000000000000000e+01 3.093155860900878906e+00
2.800000000000000000e+01 3.130356788635253906e+00
2.900000000000000000e+01 3.101832151412963867e+00
3.000000000000000000e+01 3.081447839736938477e+00
3.100000000000000000e+01 3.149538755416870117e+00
3.200000000000000000e+01 2.991133689880371094e+00
3.300000000000000000e+01 3.011852264404296875e+00
3.400000000000000000e+01 3.102007865905761719e+00
3.500000000000000000e+01 3.113941192626953125e+00
3.600000000000000000e+01 3.125997066497802734e+00
3.700000000000000000e+01 3.070789098739624023e+00
3.800000000000000000e+01 3.105251789093017578e+00
3.900000000000000000e+01 3.025470018386840820e+00
4.000000000000000000e+01 3.063867330551147461e+00
4.100000000000000000e+01 3.040740251541137695e+00
4.200000000000000000e+01 3.091690778732299805e+00
4.300000000000000000e+01 3.011280536651611328e+00
4.400000000000000000e+01 3.041280508041381836e+00
4.500000000000000000e+01 3.050938367843627930e+00
4.600000000000000000e+01 3.095793485641479492e+00
4.700000000000000000e+01 3.038047552108764648e+00
4.800000000000000000e+01 3.088095664978027344e+00
4.900000000000000000e+01 3.109970808029174805e+00
5.000000000000000000e+01 2.941635847091674805e+00
5.100000000000000000e+01 3.026669263839721680e+00
5.200000000000000000e+01 3.017031431198120117e+00
5.300000000000000000e+01 3.008168697357177734e+00
5.400000000000000000e+01 3.048119783401489258e+00
5.500000000000000000e+01 3.018197298049926758e+00
5.600000000000000000e+01 3.141649723052978516e+00
5.700000000000000000e+01 3.050167798995971680e+00
5.800000000000000000e+01 3.069344758987426758e+00
5.900000000000000000e+01 3.025903463363647461e+00
6.000000000000000000e+01 3.067486286163330078e+00
6.100000000000000000e+01 3.050116539001464844e+00
6.200000000000000000e+01 3.089106798171997070e+00
6.300000000000000000e+01 3.062417984008789062e+00
6.400000000000000000e+01 3.050817966461181641e+00
6.500000000000000000e+01 3.006593465805053711e+00
6.600000000000000000e+01 3.084987640380859375e+00
6.700000000000000000e+01 2.990298748016357422e+00
6.800000000000000000e+01 3.089473247528076172e+00
6.900000000000000000e+01 3.090530872344970703e+00
7.000000000000000000e+01 3.109933137893676758e+00
7.100000000000000000e+01 3.179474592208862305e+00
7.200000000000000000e+01 3.059784173965454102e+00
7.300000000000000000e+01 3.101499795913696289e+00
7.400000000000000000e+01 3.094663381576538086e+00
7.500000000000000000e+01 2.959512472152709961e+00
7.600000000000000000e+01 3.033054113388061523e+00
7.700000000000000000e+01 3.110022306442260742e+00
7.800000000000000000e+01 3.117140769958496094e+00
7.900000000000000000e+01 3.126196622848510742e+00
8.000000000000000000e+01 3.032410621643066406e+00
8.100000000000000000e+01 3.042072057723999023e+00
8.200000000000000000e+01 3.162775278091430664e+00
8.300000000000000000e+01 3.070558071136474609e+00
8.400000000000000000e+01 3.037299156188964844e+00
8.500000000000000000e+01 3.143686294555664062e+00
8.600000000000000000e+01 3.128870725631713867e+00
8.700000000000000000e+01 3.066804885864257812e+00
8.800000000000000000e+01 3.079861879348754883e+00
8.900000000000000000e+01 3.062052965164184570e+00
9.000000000000000000e+01 3.107924938201904297e+00
9.100000000000000000e+01 3.056451082229614258e+00
9.200000000000000000e+01 3.179912328720092773e+00
9.300000000000000000e+01 3.074886322021484375e+00
9.400000000000000000e+01 3.113522529602050781e+00
9.500000000000000000e+01 3.065231561660766602e+00
9.600000000000000000e+01 3.089154243469238281e+00
9.700000000000000000e+01 3.156730890274047852e+00
9.800000000000000000e+01 2.994065523147583008e+00
9.900000000000000000e+01 3.062455654144287109e+00
