0.000000000000000000e+00 3.011348962783813477e+00
1.000000000000000000e+00 2.956437826156616211e+00
2.000000000000000000e+00 3.032618522644042969e+00
3.000000000000000000e+00 3.026124000549316406e+00
4.000000000000000000e+00 3.001981496810913086e+00
5.000000000000000000e+00 2.987050056457519531e+00
6.000000000000000000e+00 3.013253211975097656e+00
7.000000000000000000e+00 3.016247510910034180e+00
8.000000000000000000e+00 2.952079534530639648e+00
9.000000000000000000e+00 2.918963193893432617e+00
1.000000000000000000e+01 2.964642286300659180e+00
1.100000000000000000e+01 3.018141508102416992e+00
1.200000000000000000e+01 3.032176017761230469e+00
1.300000000000000000e+01 3.065664768218994141e+00
1.400000000000000000e+01 2.878356933593750000e+00
1.500000000000000000e+01 3.035764455795288086e+00
1.600000000000000000e+01 3.014508247375488281e+00
1.700000000000000000e+01 2.990472316741943359e+00
1.800000000000000000e+01 2.940923213958740234e+00
1.900000000000000000e+01 3.008337497711181641e+00
2.000000000000000000e+01 2.999402999877929688e+00
2.100000000000000000e+01 3.056298732757568359e+00
2.200000000000000000e+01 3.025774955749511719e+00
2.300000000000000000e+01 2.967074394226074219e+00
2.400000000000000000e+01 2.986480236053466797e+00
2.500000000000000000e+01 2.951778411865234375e+00
2.600000000000000000e+01 3.016921281814575195e+00
2.700000000000000000e+01 2.966883182525634766e+00
2.800000000000000000e+01 2.881186485290527344e+00
2.900000000000000000e+01 3.103275537490844727e+00
3.000000000000000000e+01 3.067982435226440430e+00
3.100000000000000000e+01 2.933424234390258789e+00
3.200000000000000000e+01 2.953022241592407227e+00
3.300000000000000000e+01 3.065446853637695312e+00
3.400000000000000000e+01 3.067071676254272461e+00
3.500000000000000000e+01 2.945521593093872070e+00
3.600000000000000000e+01 2.899815797805786133e+00
3.700000000000000000e+01 3.001745462417602539e+00
3.800000000000000000e+01 2.942285299301147461e+00
3.900000000000000000e+01 2.937310695648193359e+00
4.000000000000000000e+01 2.927075862884521484e+00
4.100000000000000000e+01 2.944207906723022461e+00
4.200000000000000000e+01 3.010109186172485352e+00
4.300000000000000000e+01 3.012534856796264648e+00
4.400000000000000000e+01 2.980745792388916016e+00
4.500000000000000000e+01 3.002891302108764648e+00
4.600000000000000000e+01 2.956929445266723633e+00
4.700000000000000000e+01 2.978235244750976562e+00
4.800000000000000000e+01 2.977520942687988281e+00
4.900000000000000000e+01 2.995908021926879883e+00
5.000000000000000000e+01 2.911798477172851562e+00
5.100000000000000000e+01 2.906605243682861328e+00
5.200000000000000000e+01 2.989575624465942383e+00
5.300000000000000000e+01 2.920186758041381836e+00
5.400000000000000000e+01 3.022083759307861328e+00
5.500000000000000000e+01 3.001542568206787109e+00
5.600000000000000000e+01 2.971057415008544922e+00
5.700000000000000000e+01 3.038082599639892578e+00
5.800000000000000000e+01 2.979584932327270508e+00
5.900000000000000000e+01 3.064843893051147461e+00
6.000000000000000000e+01 3.021322488784790039e+00
6.100000000000000000e+01 3.007067680358886719e+00
6.200000000000000000e+01 3.012398958206176758e+00
6.300000000000000000e+01 3.090051174163818359e+00
6.400000000000000000e+01 2.998760223388671875e+00
6.500000000000000000e+01 3.008356809616088867e+00
6.600000000000000000e+01 3.067899703979492188e+00
6.700000000000000000e+01 2.916534662246704102e+00
6.800000000000000000e+01 2.909636259078979492e+00
6.900000000000000000e+01 2.953056573867797852e+00
7.000000000000000000e+01 3.030083417892456055e+00
7.100000000000000000e+01 2.917002201080322266e+00
7.200000000000000000e+01 3.017729282379150391e+00
7.300000000000000000e+01 2.958517551422119141e+00
7.400000000000000000e+01 2.931876420974731445e+00
7.500000000000000000e+01 2.992060899734497070e+00
7.600000000000000000e+01 2.974041461944580078e+00
7.700000000000000000e+01 2.948322772979736328e+00
7.800000000000000000e+01 3.057140588760375977e+00
7.900000000000000000e+01 2.944447755813598633e+00
8.000000000000000000e+01 3.004789352416992188e+00
8.100000000000000000e+01 2.975241184234619141e+00
8.200000000000000000e+01 2.976706027984619141e+00
8.300000000000000000e+01 3.009971380233764648e+00
8.400000000000000000e+01 2.995831489562988281e+00
8.500000000000000000e+01 3.015630483627319336e+00
8.600000000000000000e+01 3.001150131225585938e+00
8.700000000000000000e+01 2.980369329452514648e+00
8.800000000000000000e+01 2.933795213699340820e+00
8.900000000000000000e+01 3.071734189987182617e+00
9.000000000000000000e+01 2.975172996520996094e+00
9.100000000000000000e+01 2.910667657852172852e+00
9.200000000000000000e+01 2.935673952102661133e+00
9.300000000000000000e+01 2.927618980407714844e+00
9.400000000000000000e+01 3.001781940460205078e+00
9.500000000000000000e+01 2.943028450012207031e+00
9.600000000000000000e+01 3.029479503631591797e+00
9.700000000000000000e+01 3.038239955902099609e+00
9.800000000000000000e+01 2.926769971847534180e+00
9.900000000000000000e+01 3.044795274734497070e+00
