0.000000000000000000e+00 1.469937443733215332e+00
1.000000000000000000e+00 1.449195742607116699e+00
2.000000000000000000e+00 1.498414754867553711e+00
3.000000000000000000e+00 1.542598366737365723e+00
4.000000000000000000e+00 1.491415858268737793e+00
5.000000000000000000e+00 1.466136574745178223e+00
6.000000000000000000e+00 1.434992909431457520e+00
7.000000000000000000e+00 1.460591912269592285e+00
8.000000000000000000e+00 1.535647034645080566e+00
9.000000000000000000e+00 1.507823467254638672e+00
1.000000000000000000e+01 1.502390027046203613e+00
1.100000000000000000e+01 1.461089372634887695e+00
1.200000000000000000e+01 1.525575876235961914e+00
1.300000000000000000e+01 1.482616662979125977e+00
1.400000000000000000e+01 1.447605967521667480e+00
1.500000000000000000e+01 1.459385037422180176e+00
1.600000000000000000e+01 1.481542229652404785e+00
1.700000000000000000e+01 1.486540555953979492e+00
1.800000000000000000e+01 1.475262641906738281e+00
1.900000000000000000e+01 1.457442164421081543e+00
2.000000000000000000e+01 1.507689118385314941e+00
2.100000000000000000e+01 1.495152950286865234e+00
2.200000000000000000e+01 1.445075631141662598e+00
2.300000000000000000e+01 1.476458072662353516e+00
2.400000000000000000e+01 1.447176814079284668e+00
2.500000000000000000e+01 1.490776538848876953e+00
2.600000000000000000e+01 1.497956395149230957e+00
2.700000000000000000e+01 1.470284104347229004e+00
2.800000000000000000e+01 1.428940176963806152e+00
2.900000000000000000e+01 1.518902659416198730e+00
3.000000000000000000e+01 1.437009096145629883e+00
3.100000000000000000e+01 1.472540378570556641e+00
3.200000000000000000e+01 1.489264965057373047e+00
3.300000000000000000e+01 1.432917952537536621e+00
3.400000000000000000e+01 1.554578542709350586e+00
3.500000000000000000e+01 1.485459446907043457e+00
3.600000000000000000e+01 1.447307586669921875e+00
3.700000000000000000e+01 1.517929792404174805e+00
3.800000000000000000e+01 1.487359166145324707e+00
3.900000000000000000e+01 1.530077695846557617e+00
4.000000000000000000e+01 1.486173391342163086e+00
4.100000000000000000e+01 1.488304018974304199e+00
4.200000000000000000e+01 1.534049630165100098e+00
4.300000000000000000e+01 1.435742616653442383e+00
4.400000000000000000e+01 1.484644532203674316e+00
4.500000000000000000e+01 1.476367235183715820e+00
4.600000000000000000e+01 1.454212427139282227e+00
4.700000000000000000e+01 1.513472914695739746e+00
4.800000000000000000e+01 1.499779701232910156e+00
4.900000000000000000e+01 1.464367151260375977e+00
5.000000000000000000e+01 1.414406657218933105e+00
5.100000000000000000e+01 1.479909777641296387e+00
5.200000000000000000e+01 1.487335920333862305e+00
5.300000000000000000e+01 1.582317590713500977e+00
5.400000000000000000e+01 1.507613539695739746e+00
5.500000000000000000e+01 1.462528467178344727e+00
5.600000000000000000e+01 1.475235581398010254e+00
5.700000000000000000e+01 1.473715305328369141e+00
5.800000000000000000e+01 1.431754350662231445e+00
5.900000000000000000e+01 1.500577330589294434e+00
6.000000000000000000e+01 1.508663654327392578e+00
6.100000000000000000e+01 1.453315615653991699e+00
6.200000000000000000e+01 1.536992073059082031e+00
6.300000000000000000e+01 1.456780552864074707e+00
6.400000000000000000e+01 1.486151337623596191e+00
6.500000000000000000e+01 1.371421933174133301e+00
6.600000000000000000e+01 1.526801943778991699e+00
6.700000000000000000e+01 1.458848476409912109e+00
6.800000000000000000e+01 1.498351812362670898e+00
6.900000000000000000e+01 1.448065996170043945e+00
7.000000000000000000e+01 1.489739775657653809e+00
7.100000000000000000e+01 1.543093085289001465e+00
7.200000000000000000e+01 1.476150155067443848e+00
7.300000000000000000e+01 1.437302470207214355e+00
7.400000000000000000e+01 1.483230352401733398e+00
7.500000000000000000e+01 1.480880141258239746e+00
7.600000000000000000e+01 1.550747990608215332e+00
7.700000000000000000e+01 1.491085529327392578e+00
7.800000000000000000e+01 1.428828954696655273e+00
7.900000000000000000e+01 1.463982820510864258e+00
8.000000000000000000e+01 1.479272842407226562e+00
8.100000000000000000e+01 1.479883551597595215e+00
8.200000000000000000e+01 1.450949192047119141e+00
8.300000000000000000e+01 1.454874992370605469e+00
8.400000000000000000e+01 1.502877473831176758e+00
8.500000000000000000e+01 1.462622761726379395e+00
8.600000000000000000e+01 1.490168213844299316e+00
8.700000000000000000e+01 1.524164915084838867e+00
8.800000000000000000e+01 1.445818662643432617e+00
8.900000000000000000e+01 1.418558359146118164e+00
9.000000000000000000e+01 1.467199325561523438e+00
9.100000000000000000e+01 1.634524822235107422e+00
9.200000000000000000e+01 1.494544982910156250e+00
9.300000000000000000e+01 1.519503712654113770e+00
9.400000000000000000e+01 1.472609162330627441e+00
9.500000000000000000e+01 1.458360195159912109e+00
9.600000000000000000e+01 1.447457313537597656e+00
9.700000000000000000e+01 1.513193130493164062e+00
9.800000000000000000e+01 1.416898488998413086e+00
9.900000000000000000e+01 1.442092895507812500e+00
