0.000000000000000000e+00 1.501423120498657227e+00
1.000000000000000000e+00 1.603348135948181152e+00
2.000000000000000000e+00 1.523643016815185547e+00
3.000000000000000000e+00 1.515989303588867188e+00
4.000000000000000000e+00 1.578161597251892090e+00
5.000000000000000000e+00 1.543249845504760742e+00
6.000000000000000000e+00 1.505797147750854492e+00
7.000000000000000000e+00 1.511122226715087891e+00
8.000000000000000000e+00 1.524963736534118652e+00
9.000000000000000000e+00 1.532457351684570312e+00
1.000000000000000000e+01 1.560116648674011230e+00
1.100000000000000000e+01 1.582597136497497559e+00
1.200000000000000000e+01 1.602717876434326172e+00
1.300000000000000000e+01 1.668947815895080566e+00
1.400000000000000000e+01 1.497990250587463379e+00
1.500000000000000000e+01 1.610239982604980469e+00
1.600000000000000000e+01 1.528187513351440430e+00
1.700000000000000000e+01 1.549846053123474121e+00
1.800000000000000000e+01 1.530484318733215332e+00
1.900000000000000000e+01 1.552879333496093750e+00
2.000000000000000000e+01 1.526068925857543945e+00
2.100000000000000000e+01 1.570421576499938965e+00
2.200000000000000000e+01 1.567872285842895508e+00
2.300000000000000000e+01 1.609165549278259277e+00
2.400000000000000000e+01 1.455588817596435547e+00
2.500000000000000000e+01 1.505310535430908203e+00
2.600000000000000000e+01 1.590156197547912598e+00
2.700000000000000000e+01 1.523418068885803223e+00
2.800000000000000000e+01 1.624214291572570801e+00
2.900000000000000000e+01 1.518009781837463379e+00
3.000000000000000000e+01 1.604061245918273926e+00
3.100000000000000000e+01 1.612238168716430664e+00
3.200000000000000000e+01 1.475834608078002930e+00
3.300000000000000000e+01 1.571044683456420898e+00
3.400000000000000000e+01 1.528926849365234375e+00
3.500000000000000000e+01 1.564283370971679688e+00
3.600000000000000000e+01 1.511116623878479004e+00
3.700000000000000000e+01 1.439322710037231445e+00
3.800000000000000000e+01 1.454913377761840820e+00
3.900000000000000000e+01 1.598549485206604004e+00
4.000000000000000000e+01 1.536308169364929199e+00
4.100000000000000000e+01 1.473664164543151855e+00
4.200000000000000000e+01 1.620918393135070801e+00
4.300000000000000000e+01 1.433148264884948730e+00
4.400000000000000000e+01 1.546698093414306641e+00
4.500000000000000000e+01 1.547322630882263184e+00
4.600000000000000000e+01 1.435047745704650879e+00
4.700000000000000000e+01 1.575043678283691406e+00
4.800000000000000000e+01 1.517764806747436523e+00
4.900000000000000000e+01 1.563292384147644043e+00
5.000000000000000000e+01 1.528370499610900879e+00
5.100000000000000000e+01 1.520350575447082520e+00
5.200000000000000000e+01 1.490371584892272949e+00
5.300000000000000000e+01 1.506123781204223633e+00
5.400000000000000000e+01 1.579491257667541504e+00
5.500000000000000000e+01 1.561845898628234863e+00
5.600000000000000000e+01 1.572356939315795898e+00
5.700000000000000000e+01 1.510844826698303223e+00
5.800000000000000000e+01 1.564275860786437988e+00
5.900000000000000000e+01 1.486275076866149902e+00
6.000000000000000000e+01 1.487249016761779785e+00
6.100000000000000000e+01 1.577010989189147949e+00
6.200000000000000000e+01 1.530458807945251465e+00
6.300000000000000000e+01 1.546165108680725098e+00
6.400000000000000000e+01 1.415094614028930664e+00
6.500000000000000000e+01 1.495794653892517090e+00
6.600000000000000000e+01 1.534035444259643555e+00
6.700000000000000000e+01 1.592220902442932129e+00
6.800000000000000000e+01 1.532203793525695801e+00
6.900000000000000000e+01 1.576951503753662109e+00
7.000000000000000000e+01 1.464972853660583496e+00
7.100000000000000000e+01 1.588515400886535645e+00
7.200000000000000000e+01 1.550011396408081055e+00
7.300000000000000000e+01 1.507858753204345703e+00
7.400000000000000000e+01 1.531461000442504883e+00
7.500000000000000000e+01 1.668558597564697266e+00
7.600000000000000000e+01 1.533078193664550781e+00
7.700000000000000000e+01 1.606274724006652832e+00
7.800000000000000000e+01 1.556912660598754883e+00
7.900000000000000000e+01 1.534886360168457031e+00
8.000000000000000000e+01 1.521681785583496094e+00
8.100000000000000000e+01 1.534406423568725586e+00
8.200000000000000000e+01 1.625246524810791016e+00
8.300000000000000000e+01 1.623554706573486328e+00
8.400000000000000000e+01 1.530574440956115723e+00
8.500000000000000000e+01 1.501438021659851074e+00
8.600000000000000000e+01 1.569165110588073730e+00
8.700000000000000000e+01 1.588494300842285156e+00
8.800000000000000000e+01 1.479609131813049316e+00
8.900000000000000000e+01 1.490932106971740723e+00
9.000000000000000000e+01 1.548991799354553223e+00
9.100000000000000000e+01 1.551839232444763184e+00
9.200000000000000000e+01 1.544686436653137207e+00
9.300000000000000000e+01 1.573511600494384766e+00
9.400000000000000000e+01 1.496274232864379883e+00
9.500000000000000000e+01 1.554791450500488281e+00
9.600000000000000000e+01 1.557051539421081543e+00
9.700000000000000000e+01 1.509726405143737793e+00
9.800000000000000000e+01 1.520732164382934570e+00
9.900000000000000000e+01 1.567321300506591797e+00
