0.000000000000000000e+00 1.610727548599243164e+00
1.000000000000000000e+00 1.623650789260864258e+00
2.000000000000000000e+00 1.631454229354858398e+00
3.000000000000000000e+00 1.657113075256347656e+00
4.000000000000000000e+00 1.612359166145324707e+00
5.000000000000000000e+00 1.606727004051208496e+00
6.000000000000000000e+00 1.601843118667602539e+00
7.000000000000000000e+00 1.586906790733337402e+00
8.000000000000000000e+00 1.540268540382385254e+00
9.000000000000000000e+00 1.681480646133422852e+00
1.000000000000000000e+01 1.530116915702819824e+00
1.100000000000000000e+01 1.574506759643554688e+00
1.200000000000000000e+01 1.652683973312377930e+00
1.300000000000000000e+01 1.602301120758056641e+00
1.400000000000000000e+01 1.672501087188720703e+00
1.500000000000000000e+01 1.607840180397033691e+00
1.600000000000000000e+01 1.661457061767578125e+00
1.700000000000000000e+01 1.704682350158691406e+00
1.800000000000000000e+01 1.574827671051025391e+00
1.900000000000000000e+01 1.614158391952514648e+00
2.000000000000000000e+01 1.608133792877197266e+00
2.100000000000000000e+01 1.649232983589172363e+00
2.200000000000000000e+01 1.621773123741149902e+00
2.300000000000000000e+01 1.656471490859985352e+00
2.400000000000000000e+01 1.560789108276367188e+00
2.500000000000000000e+01 1.657093524932861328e+00
2.600000000000000000e+01 1.545655488967895508e+00
2.700000000000000000e+01 1.600620865821838379e+00
2.800000000000000000e+01 1.532596111297607422e+00
2.900000000000000000e+01 1.531468868255615234e+00
3.000000000000000000e+01 1.704709172248840332e+00
3.100000000000000000e+01 1.561941862106323242e+00
3.200000000000000000e+01 1.612406015396118164e+00
3.300000000000000000e+01 1.641816496849060059e+00
3.400000000000000000e+01 1.718878746032714844e+00
3.500000000000000000e+01 1.618692398071289062e+00
3.600000000000000000e+01 1.645111680030822754e+00
3.700000000000000000e+01 1.684319257736206055e+00
3.800000000000000000e+01 1.698228597640991211e+00
3.900000000000000000e+01 1.592705130577087402e+00
4.000000000000000000e+01 1.615684270858764648e+00
4.100000000000000000e+01 1.644778966903686523e+00
4.200000000000000000e+01 1.544515132904052734e+00
4.300000000000000000e+01 1.595784664154052734e+00
4.400000000000000000e+01 1.658088922500610352e+00
4.500000000000000000e+01 1.629372835159301758e+00
4.600000000000000000e+01 1.644896507263183594e+00
4.700000000000000000e+01 1.568067431449890137e+00
4.800000000000000000e+01 1.625663518905639648e+00
4.900000000000000000e+01 1.681513786315917969e+00
5.000000000000000000e+01 1.626114010810852051e+00
5.100000000000000000e+01 1.604767918586730957e+00
5.200000000000000000e+01 1.768018126487731934e+00
5.300000000000000000e+01 1.674425721168518066e+00
5.400000000000000000e+01 1.648035883903503418e+00
5.500000000000000000e+01 1.571945071220397949e+00
5.600000000000000000e+01 1.567374825477600098e+00
5.700000000000000000e+01 1.666407585144042969e+00
5.800000000000000000e+01 1.640259265899658203e+00
5.900000000000000000e+01 1.581590890884399414e+00
6.000000000000000000e+01 1.614260435104370117e+00
6.100000000000000000e+01 1.717101693153381348e+00
6.200000000000000000e+01 1.605803012847900391e+00
6.300000000000000000e+01 1.603105187416076660e+00
6.400000000000000000e+01 1.590090751647949219e+00
6.500000000000000000e+01 1.580505728721618652e+00
6.600000000000000000e+01 1.575524806976318359e+00
6.700000000000000000e+01 1.662099242210388184e+00
6.800000000000000000e+01 1.695068359375000000e+00
6.900000000000000000e+01 1.675182104110717773e+00
7.000000000000000000e+01 1.589460849761962891e+00
7.100000000000000000e+01 1.647771120071411133e+00
7.200000000000000000e+01 1.625670433044433594e+00
7.300000000000000000e+01 1.666443705558776855e+00
7.400000000000000000e+01 1.620810866355895996e+00
7.500000000000000000e+01 1.701490879058837891e+00
7.600000000000000000e+01 1.605915665626525879e+00
7.700000000000000000e+01 1.573729276657104492e+00
7.800000000000000000e+01 1.610195398330688477e+00
7.900000000000000000e+01 1.626720190048217773e+00
8.000000000000000000e+01 1.666016936302185059e+00
8.100000000000000000e+01 1.585230946540832520e+00
8.200000000000000000e+01 1.632894754409790039e+00
8.300000000000000000e+01 1.663626909255981445e+00
8.400000000000000000e+01 1.589363694190979004e+00
8.500000000000000000e+01 1.594393849372863770e+00
8.600000000000000000e+01 1.516760468482971191e+00
8.700000000000000000e+01 1.648030042648315430e+00
8.800000000000000000e+01 1.556975007057189941e+00
8.900000000000000000e+01 1.567465066909790039e+00
9.000000000000000000e+01 1.625400662422180176e+00
9.100000000000000000e+01 1.576370716094970703e+00
9.200000000000000000e+01 1.609402894973754883e+00
9.300000000000000000e+01 1.610946059226989746e+00
9.400000000000000000e+01 1.687189579010009766e+00
9.500000000000000000e+01 1.578302621841430664e+00
9.600000000000000000e+01 1.538039326667785645e+00
9.700000000000000000e+01 1.620610475540161133e+00
9.800000000000000000e+01 1.519431829452514648e+00
9.900000000000000000e+01 1.649961709976196289e+00
