0.000000000000000000e+00 1.755423307418823242e+00
1.000000000000000000e+00 1.738291382789611816e+00
2.000000000000000000e+00 1.725076675415039062e+00
3.000000000000000000e+00 1.733482718467712402e+00
4.000000000000000000e+00 1.633164405822753906e+00
5.000000000000000000e+00 1.678003072738647461e+00
6.000000000000000000e+00 1.749558210372924805e+00
7.000000000000000000e+00 1.636001825332641602e+00
8.000000000000000000e+00 1.730566024780273438e+00
9.000000000000000000e+00 1.782652974128723145e+00
1.000000000000000000e+01 1.784835934638977051e+00
1.100000000000000000e+01 1.718126535415649414e+00
1.200000000000000000e+01 1.751361131668090820e+00
1.300000000000000000e+01 1.777366638183593750e+00
1.400000000000000000e+01 1.744516134262084961e+00
1.500000000000000000e+01 1.648691415786743164e+00
1.600000000000000000e+01 1.652355074882507324e+00
1.700000000000000000e+01 1.570880889892578125e+00
1.800000000000000000e+01 1.662846207618713379e+00
1.900000000000000000e+01 1.683112502098083496e+00
2.000000000000000000e+01 1.656414985656738281e+00
2.100000000000000000e+01 1.740115523338317871e+00
2.200000000000000000e+01 1.733925461769104004e+00
2.300000000000000000e+01 1.746127247810363770e+00
2.400000000000000000e+01 1.690573215484619141e+00
2.500000000000000000e+01 1.772221446037292480e+00
2.600000000000000000e+01 1.698077082633972168e+00
2.700000000000000000e+01 1.719436526298522949e+00
2.800000000000000000e+01 1.691849946975708008e+00
2.900000000000000000e+01 1.697360634803771973e+00
3.000000000000000000e+01 1.824454545974731445e+00
3.100000000000000000e+01 1.728643774986267090e+00
3.200000000000000000e+01 1.687180638313293457e+00
3.300000000000000000e+01 1.730399608612060547e+00
3.400000000000000000e+01 1.729746818542480469e+00
3.500000000000000000e+01 1.601486086845397949e+00
3.600000000000000000e+01 1.691224575042724609e+00
3.700000000000000000e+01 1.660617113113403320e+00
3.800000000000000000e+01 1.769053697586059570e+00
3.900000000000000000e+01 1.741612076759338379e+00
4.000000000000000000e+01 1.621392965316772461e+00
4.100000000000000000e+01 1.617173910140991211e+00
4.200000000000000000e+01 1.634232878684997559e+00
4.300000000000000000e+01 1.775071978569030762e+00
4.400000000000000000e+01 1.703120827674865723e+00
4.500000000000000000e+01 1.768495559692382812e+00
4.600000000000000000e+01 1.694933295249938965e+00
4.700000000000000000e+01 1.797897815704345703e+00
4.800000000000000000e+01 1.754645824432373047e+00
4.900000000000000000e+01 1.749402880668640137e+00
5.000000000000000000e+01 1.777245998382568359e+00
5.100000000000000000e+01 1.671970725059509277e+00
5.200000000000000000e+01 1.689390659332275391e+00
5.300000000000000000e+01 1.722534298896789551e+00
5.400000000000000000e+01 1.628929138183593750e+00
5.500000000000000000e+01 1.655264139175415039e+00
5.600000000000000000e+01 1.711971282958984375e+00
5.700000000000000000e+01 1.736720323562622070e+00
5.800000000000000000e+01 1.693787455558776855e+00
5.900000000000000000e+01 1.681841611862182617e+00
6.000000000000000000e+01 1.663785099983215332e+00
6.100000000000000000e+01 1.693670392036437988e+00
6.200000000000000000e+01 1.664430260658264160e+00
6.300000000000000000e+01 1.691421866416931152e+00
6.400000000000000000e+01 1.667440176010131836e+00
6.500000000000000000e+01 1.800347208976745605e+00
6.600000000000000000e+01 1.780047059059143066e+00
6.700000000000000000e+01 1.760662555694580078e+00
6.800000000000000000e+01 1.645198464393615723e+00
6.900000000000000000e+01 1.717454910278320312e+00
7.000000000000000000e+01 1.729170322418212891e+00
7.100000000000000000e+01 1.720929980278015137e+00
7.200000000000000000e+01 1.776274085044860840e+00
7.300000000000000000e+01 1.714672088623046875e+00
7.400000000000000000e+01 1.730930328369140625e+00
7.500000000000000000e+01 1.703514575958251953e+00
7.600000000000000000e+01 1.650402426719665527e+00
7.700000000000000000e+01 1.566776394844055176e+00
7.800000000000000000e+01 1.750176072120666504e+00
7.900000000000000000e+01 1.741480827331542969e+00
8.000000000000000000e+01 1.712252140045166016e+00
8.100000000000000000e+01 1.754113078117370605e+00
8.200000000000000000e+01 1.693083286285400391e+00
8.300000000000000000e+01 1.676902055740356445e+00
8.400000000000000000e+01 1.744256258010864258e+00
8.500000000000000000e+01 1.712855219841003418e+00
8.600000000000000000e+01 1.648588299751281738e+00
8.700000000000000000e+01 1.649150729179382324e+00
8.800000000000000000e+01 1.667504191398620605e+00
8.900000000000000000e+01 1.687221169471740723e+00
9.000000000000000000e+01 1.621529340744018555e+00
9.100000000000000000e+01 1.738671779632568359e+00
9.200000000000000000e+01 1.711802840232849121e+00
9.300000000000000000e+01 1.727113127708435059e+00
9.400000000000000000e+01 1.671432256698608398e+00
9.500000000000000000e+01 1.671356201171875000e+00
9.600000000000000000e+01 1.675370216369628906e+00
9.700000000000000000e+01 1.674460768699645996e+00
9.800000000000000000e+01 1.723552346229553223e+00
9.900000000000000000e+01 1.722314476966857910e+00
