0.000000000000000000e+00 1.789221644401550293e+00
1.000000000000000000e+00 1.771399617195129395e+00
2.000000000000000000e+00 1.807158350944519043e+00
3.000000000000000000e+00 1.839474916458129883e+00
4.000000000000000000e+00 1.838398337364196777e+00
5.000000000000000000e+00 1.674950122833251953e+00
6.000000000000000000e+00 1.737449407577514648e+00
7.000000000000000000e+00 1.786788702011108398e+00
8.000000000000000000e+00 1.870635390281677246e+00
9.000000000000000000e+00 1.781691431999206543e+00
1.000000000000000000e+01 1.796247363090515137e+00
1.100000000000000000e+01 1.784813880920410156e+00
1.200000000000000000e+01 1.785057187080383301e+00
1.300000000000000000e+01 1.790231227874755859e+00
1.400000000000000000e+01 1.819183230400085449e+00
1.500000000000000000e+01 1.799002051353454590e+00
1.600000000000000000e+01 1.735495567321777344e+00
1.700000000000000000e+01 1.822853803634643555e+00
1.800000000000000000e+01 1.842906355857849121e+00
1.900000000000000000e+01 1.735295414924621582e+00
2.000000000000000000e+01 1.782427072525024414e+00
2.100000000000000000e+01 1.795130968093872070e+00
2.200000000000000000e+01 1.796002507209777832e+00
2.300000000000000000e+01 1.796079397201538086e+00
2.400000000000000000e+01 1.799683570861816406e+00
2.500000000000000000e+01 1.782333612442016602e+00
2.600000000000000000e+01 1.859506130218505859e+00
2.700000000000000000e+01 1.806898832321166992e+00
2.800000000000000000e+01 1.812348604202270508e+00
2.900000000000000000e+01 1.851135730743408203e+00
3.000000000000000000e+01 1.773423194885253906e+00
3.100000000000000000e+01 1.817449212074279785e+00
3.200000000000000000e+01 1.742645740509033203e+00
3.300000000000000000e+01 1.795609354972839355e+00
3.400000000000000000e+01 1.761071443557739258e+00
3.500000000000000000e+01 1.801951646804809570e+00
3.600000000000000000e+01 1.782911300659179688e+00
3.700000000000000000e+01 1.735517978668212891e+00
3.800000000000000000e+01 1.860115051269531250e+00
3.900000000000000000e+01 1.918529391288757324e+00
4.000000000000000000e+01 1.750372052192687988e+00
4.100000000000000000e+01 1.865986943244934082e+00
4.200000000000000000e+01 1.784573435783386230e+00
4.300000000000000000e+01 1.791304349899291992e+00
4.400000000000000000e+01 1.780367970466613770e+00
4.500000000000000000e+01 1.839785933494567871e+00
4.600000000000000000e+01 1.805155873298645020e+00
4.700000000000000000e+01 1.736772537231445312e+00
4.800000000000000000e+01 1.741714835166931152e+00
4.900000000000000000e+01 1.723871588706970215e+00
5.000000000000000000e+01 1.799814462661743164e+00
5.100000000000000000e+01 1.795718312263488770e+00
5.200000000000000000e+01 1.836524486541748047e+00
5.300000000000000000e+01 1.812110185623168945e+00
5.400000000000000000e+01 1.763764500617980957e+00
5.500000000000000000e+01 1.846810817718505859e+00
5.600000000000000000e+01 1.868086814880371094e+00
5.700000000000000000e+01 1.890716791152954102e+00
5.800000000000000000e+01 1.697970986366271973e+00
5.900000000000000000e+01 1.929239392280578613e+00
6.000000000000000000e+01 1.744184970855712891e+00
6.100000000000000000e+01 1.768396377563476562e+00
6.200000000000000000e+01 1.729928612709045410e+00
6.300000000000000000e+01 1.746367335319519043e+00
6.400000000000000000e+01 1.791728258132934570e+00
6.500000000000000000e+01 1.763728737831115723e+00
6.600000000000000000e+01 1.900547742843627930e+00
6.700000000000000000e+01 1.804930329322814941e+00
6.800000000000000000e+01 1.838244557380676270e+00
6.900000000000000000e+01 1.774280667304992676e+00
7.000000000000000000e+01 1.905036091804504395e+00
7.100000000000000000e+01 1.707451581954956055e+00
7.200000000000000000e+01 1.773059606552124023e+00
7.300000000000000000e+01 1.754626393318176270e+00
7.400000000000000000e+01 1.831343770027160645e+00
7.500000000000000000e+01 1.833831310272216797e+00
7.600000000000000000e+01 1.855755686759948730e+00
7.700000000000000000e+01 1.808433651924133301e+00
7.800000000000000000e+01 1.782192945480346680e+00
7.900000000000000000e+01 1.754459023475646973e+00
8.000000000000000000e+01 1.760593533515930176e+00
8.100000000000000000e+01 1.831595897674560547e+00
8.200000000000000000e+01 1.780452251434326172e+00
8.300000000000000000e+01 1.808694720268249512e+00
8.400000000000000000e+01 1.856052875518798828e+00
8.500000000000000000e+01 1.790461063385009766e+00
8.600000000000000000e+01 1.740962386131286621e+00
8.700000000000000000e+01 1.866432189941406250e+00
8.800000000000000000e+01 1.724047541618347168e+00
8.900000000000000000e+01 1.769769072532653809e+00
9.000000000000000000e+01 1.814252018928527832e+00
9.100000000000000000e+01 1.811956644058227539e+00
9.200000000000000000e+01 1.753121376037597656e+00
9.300000000000000000e+01 1.754779815673828125e+00
9.400000000000000000e+01 1.845626950263977051e+00
9.500000000000000000e+01 1.818043470382690430e+00
9.600000000000000000e+01 1.788726806640625000e+00
9.700000000000000000e+01 1.749489307403564453e+00
9.800000000000000000e+01 1.842093467712402344e+00
9.900000000000000000e+01 1.803084731101989746e+00
