0.000000000000000000e+00 1.874869227409362793e+00
1.000000000000000000e+00 1.854109883308410645e+00
2.000000000000000000e+00 1.838860630989074707e+00
3.000000000000000000e+00 1.757929205894470215e+00
4.000000000000000000e+00 1.844316720962524414e+00
5.000000000000000000e+00 1.837003111839294434e+00
6.000000000000000000e+00 1.908031105995178223e+00
7.000000000000000000e+00 1.963198065757751465e+00
8.000000000000000000e+00 1.907857298851013184e+00
9.000000000000000000e+00 1.922138094902038574e+00
1.000000000000000000e+01 1.764456510543823242e+00
1.100000000000000000e+01 1.810971736907958984e+00
1.200000000000000000e+01 1.890535831451416016e+00
1.300000000000000000e+01 1.791133642196655273e+00
1.400000000000000000e+01 1.825455069541931152e+00
1.500000000000000000e+01 1.894586324691772461e+00
1.600000000000000000e+01 1.795289993286132812e+00
1.700000000000000000e+01 1.901996374130249023e+00
1.800000000000000000e+01 1.840455055236816406e+00
1.900000000000000000e+01 1.866983413696289062e+00
2.000000000000000000e+01 1.861092209815979004e+00
2.100000000000000000e+01 1.902872681617736816e+00
2.200000000000000000e+01 1.837941408157348633e+00
2.300000000000000000e+01 1.906787753105163574e+00
2.400000000000000000e+01 1.879187583923339844e+00
2.500000000000000000e+01 1.946311950683593750e+00
2.600000000000000000e+01 1.910663604736328125e+00
2.700000000000000000e+01 1.814199805259704590e+00
2.800000000000000000e+01 1.844843149185180664e+00
2.900000000000000000e+01 1.863449811935424805e+00
3.000000000000000000e+01 1.768335461616516113e+00
3.100000000000000000e+01 1.863602876663208008e+00
3.200000000000000000e+01 1.799369931221008301e+00
3.300000000000000000e+01 1.779178500175476074e+00
3.400000000000000000e+01 1.905177474021911621e+00
3.500000000000000000e+01 1.825538277626037598e+00
3.600000000000000000e+01 1.865421175956726074e+00
3.700000000000000000e+01 1.852938294410705566e+00
3.800000000000000000e+01 1.837909817695617676e+00
3.900000000000000000e+01 1.880234718322753906e+00
4.000000000000000000e+01 1.875901818275451660e+00
4.100000000000000000e+01 1.886712670326232910e+00
4.200000000000000000e+01 1.975022554397583008e+00
4.300000000000000000e+01 1.824508190155029297e+00
4.400000000000000000e+01 1.891412377357482910e+00
4.500000000000000000e+01 1.875785946846008301e+00
4.600000000000000000e+01 1.880115747451782227e+00
4.700000000000000000e+01 1.841916322708129883e+00
4.800000000000000000e+01 1.960271358489990234e+00
4.900000000000000000e+01 1.850651979446411133e+00
5.000000000000000000e+01 1.847024798393249512e+00
5.100000000000000000e+01 1.824458003044128418e+00
5.200000000000000000e+01 1.844606876373291016e+00
5.300000000000000000e+01 1.855981588363647461e+00
5.400000000000000000e+01 1.824663400650024414e+00
5.500000000000000000e+01 1.895342588424682617e+00
5.600000000000000000e+01 1.829909086227416992e+00
5.700000000000000000e+01 1.848050594329833984e+00
5.800000000000000000e+01 1.861070394515991211e+00
5.900000000000000000e+01 1.885945200920104980e+00
6.000000000000000000e+01 1.909790396690368652e+00
6.100000000000000000e+01 1.910143733024597168e+00
6.200000000000000000e+01 1.855677008628845215e+00
6.300000000000000000e+01 1.946981072425842285e+00
6.400000000000000000e+01 1.897200345993041992e+00
6.500000000000000000e+01 1.917945146560668945e+00
6.600000000000000000e+01 1.887731671333312988e+00
6.700000000000000000e+01 1.884984254837036133e+00
6.800000000000000000e+01 1.811601996421813965e+00
6.900000000000000000e+01 1.902031540870666504e+00
7.000000000000000000e+01 1.824444651603698730e+00
7.100000000000000000e+01 1.877051115036010742e+00
7.200000000000000000e+01 1.892166376113891602e+00
7.300000000000000000e+01 1.839587450027465820e+00
7.400000000000000000e+01 1.853623747825622559e+00
7.500000000000000000e+01 1.927274227142333984e+00
7.600000000000000000e+01 1.836976289749145508e+00
7.700000000000000000e+01 1.847786068916320801e+00
7.800000000000000000e+01 1.921487092971801758e+00
7.900000000000000000e+01 1.943193554878234863e+00
8.000000000000000000e+01 1.806349515914916992e+00
8.100000000000000000e+01 1.864492058753967285e+00
8.200000000000000000e+01 1.844982147216796875e+00
8.300000000000000000e+01 1.894829511642456055e+00
8.400000000000000000e+01 1.804218292236328125e+00
8.500000000000000000e+01 1.785442233085632324e+00
8.600000000000000000e+01 1.909169077873229980e+00
8.700000000000000000e+01 1.801649212837219238e+00
8.800000000000000000e+01 1.826940298080444336e+00
8.900000000000000000e+01 1.897960305213928223e+00
9.000000000000000000e+01 1.867423892021179199e+00
9.100000000000000000e+01 1.856765270233154297e+00
9.200000000000000000e+01 1.872357010841369629e+00
9.300000000000000000e+01 1.842096924781799316e+00
9.400000000000000000e+01 1.890119910240173340e+00
9.500000000000000000e+01 1.857661366462707520e+00
9.600000000000000000e+01 1.887981891632080078e+00
9.700000000000000000e+01 1.899247407913208008e+00
9.800000000000000000e+01 1.873034954071044922e+00
9.900000000000000000e+01 1.816441655158996582e+00
