0.000000000000000000e+00 1.864448070526123047e+00
1.000000000000000000e+00 1.962791323661804199e+00
2.000000000000000000e+00 1.918903350830078125e+00
3.000000000000000000e+00 1.903713703155517578e+00
4.000000000000000000e+00 1.903837203979492188e+00
5.000000000000000000e+00 1.896277785301208496e+00
6.000000000000000000e+00 1.978461265563964844e+00
7.000000000000000000e+00 1.891352295875549316e+00
8.000000000000000000e+00 1.966932415962219238e+00
9.000000000000000000e+00 1.893015146255493164e+00
1.000000000000000000e+01 1.958669424057006836e+00
1.100000000000000000e+01 1.955902576446533203e+00
1.200000000000000000e+01 1.849922657012939453e+00
1.300000000000000000e+01 1.921571373939514160e+00
1.400000000000000000e+01 1.906739354133605957e+00
1.500000000000000000e+01 1.942038774490356445e+00
1.600000000000000000e+01 1.914523243904113770e+00
1.700000000000000000e+01 1.952298521995544434e+00
1.800000000000000000e+01 1.871177554130554199e+00
1.900000000000000000e+01 1.924915552139282227e+00
2.000000000000000000e+01 1.939619779586791992e+00
2.100000000000000000e+01 1.851360678672790527e+00
2.200000000000000000e+01 1.946720361709594727e+00
2.300000000000000000e+01 1.922614932060241699e+00
2.400000000000000000e+01 1.927880764007568359e+00
2.500000000000000000e+01 1.904857039451599121e+00
2.600000000000000000e+01 1.966711640357971191e+00
2.700000000000000000e+01 1.945062875747680664e+00
2.800000000000000000e+01 1.962072968482971191e+00
2.900000000000000000e+01 2.054685592651367188e+00
3.000000000000000000e+01 1.920022964477539062e+00
3.100000000000000000e+01 1.979771018028259277e+00
3.200000000000000000e+01 1.977825999259948730e+00
3.300000000000000000e+01 1.923326253890991211e+00
3.400000000000000000e+01 1.961295604705810547e+00
3.500000000000000000e+01 1.830982089042663574e+00
3.600000000000000000e+01 1.977017879486083984e+00
3.700000000000000000e+01 1.879437327384948730e+00
3.800000000000000000e+01 1.939784407615661621e+00
3.900000000000000000e+01 1.955351114273071289e+00
4.000000000000000000e+01 1.875415921211242676e+00
4.100000000000000000e+01 1.925756335258483887e+00
4.200000000000000000e+01 1.930862307548522949e+00
4.300000000000000000e+01 2.008103132247924805e+00
4.400000000000000000e+01 1.926074504852294922e+00
4.500000000000000000e+01 1.936975121498107910e+00
4.600000000000000000e+01 1.871704936027526855e+00
4.700000000000000000e+01 1.881661415100097656e+00
4.800000000000000000e+01 1.922019720077514648e+00
4.900000000000000000e+01 1.802293896675109863e+00
5.000000000000000000e+01 1.913058042526245117e+00
5.100000000000000000e+01 1.994994997978210449e+00
5.200000000000000000e+01 1.952666640281677246e+00
5.300000000000000000e+01 2.028753519058227539e+00
5.400000000000000000e+01 1.921535968780517578e+00
5.500000000000000000e+01 2.046096563339233398e+00
5.600000000000000000e+01 1.899607896804809570e+00
5.700000000000000000e+01 1.930522084236145020e+00
5.800000000000000000e+01 1.937992691993713379e+00
5.900000000000000000e+01 1.909884095191955566e+00
6.000000000000000000e+01 1.938889265060424805e+00
6.100000000000000000e+01 2.003773689270019531e+00
6.200000000000000000e+01 1.938304185867309570e+00
6.300000000000000000e+01 1.985616683959960938e+00
6.400000000000000000e+01 1.927265286445617676e+00
6.500000000000000000e+01 1.953486561775207520e+00
6.600000000000000000e+01 1.900713205337524414e+00
6.700000000000000000e+01 1.904114484786987305e+00
6.800000000000000000e+01 1.805824279785156250e+00
6.900000000000000000e+01 1.972017049789428711e+00
7.000000000000000000e+01 1.956672191619873047e+00
7.100000000000000000e+01 1.918806433677673340e+00
7.200000000000000000e+01 2.009391546249389648e+00
7.300000000000000000e+01 1.895622730255126953e+00
7.400000000000000000e+01 2.017174720764160156e+00
7.500000000000000000e+01 1.885600686073303223e+00
7.600000000000000000e+01 1.922597765922546387e+00
7.700000000000000000e+01 1.890809059143066406e+00
7.800000000000000000e+01 1.912612080574035645e+00
7.900000000000000000e+01 1.920928120613098145e+00
8.000000000000000000e+01 1.907758474349975586e+00
8.100000000000000000e+01 1.848645567893981934e+00
8.200000000000000000e+01 1.920237302780151367e+00
8.300000000000000000e+01 1.933245778083801270e+00
8.400000000000000000e+01 1.900740027427673340e+00
8.500000000000000000e+01 1.892197847366333008e+00
8.600000000000000000e+01 1.887859702110290527e+00
8.700000000000000000e+01 1.963211894035339355e+00
8.800000000000000000e+01 1.864530563354492188e+00
8.900000000000000000e+01 1.957528710365295410e+00
9.000000000000000000e+01 1.959257960319519043e+00
9.100000000000000000e+01 1.914332628250122070e+00
9.200000000000000000e+01 1.949137449264526367e+00
9.300000000000000000e+01 1.946748733520507812e+00
9.400000000000000000e+01 1.979531764984130859e+00
9.500000000000000000e+01 2.008362054824829102e+00
9.600000000000000000e+01 1.954626441001892090e+00
9.700000000000000000e+01 1.899747252464294434e+00
9.800000000000000000e+01 1.968232989311218262e+00
9.900000000000000000e+01 1.916717290878295898e+00
