0.000000000000000000e+00 1.985715985298156738e+00
1.000000000000000000e+00 2.004503965377807617e+00
2.000000000000000000e+00 1.934639453887939453e+00
3.000000000000000000e+00 1.975462794303894043e+00
4.000000000000000000e+00 1.997132778167724609e+00
5.000000000000000000e+00 2.050312519073486328e+00
6.000000000000000000e+00 1.957181811332702637e+00
7.000000000000000000e+00 1.977383494377136230e+00
8.000000000000000000e+00 1.966391921043395996e+00
9.000000000000000000e+00 2.023727655410766602e+00
1.000000000000000000e+01 2.001752614974975586e+00
1.100000000000000000e+01 1.984579563140869141e+00
1.200000000000000000e+01 2.031799554824829102e+00
1.300000000000000000e+01 2.087294816970825195e+00
1.400000000000000000e+01 1.948879957199096680e+00
1.500000000000000000e+01 2.003987312316894531e+00
1.600000000000000000e+01 1.975666165351867676e+00
1.700000000000000000e+01 2.025030612945556641e+00
1.800000000000000000e+01 1.986163616180419922e+00
1.900000000000000000e+01 1.954186081886291504e+00
2.000000000000000000e+01 2.012834548950195312e+00
2.100000000000000000e+01 2.008527278900146484e+00
2.200000000000000000e+01 1.955454349517822266e+00
2.300000000000000000e+01 1.881157636642456055e+00
2.400000000000000000e+01 1.954979538917541504e+00
2.500000000000000000e+01 2.004164934158325195e+00
2.600000000000000000e+01 1.883720755577087402e+00
2.700000000000000000e+01 2.037427663803100586e+00
2.800000000000000000e+01 1.944303989410400391e+00
2.900000000000000000e+01 1.979646086692810059e+00
3.000000000000000000e+01 1.958726286888122559e+00
3.100000000000000000e+01 1.973037242889404297e+00
3.200000000000000000e+01 1.957069635391235352e+00
3.300000000000000000e+01 1.908520817756652832e+00
3.400000000000000000e+01 1.969563722610473633e+00
3.500000000000000000e+01 1.975509285926818848e+00
3.600000000000000000e+01 1.976004600524902344e+00
3.700000000000000000e+01 1.934757947921752930e+00
3.800000000000000000e+01 2.056941509246826172e+00
3.900000000000000000e+01 1.985706448554992676e+00
4.000000000000000000e+01 1.938605666160583496e+00
4.100000000000000000e+01 1.935237526893615723e+00
4.200000000000000000e+01 1.904404163360595703e+00
4.300000000000000000e+01 1.983960628509521484e+00
4.400000000000000000e+01 2.015556812286376953e+00
4.500000000000000000e+01 1.984603762626647949e+00
4.600000000000000000e+01 1.972064137458801270e+00
4.700000000000000000e+01 1.958468317985534668e+00
4.800000000000000000e+01 1.972229719161987305e+00
4.900000000000000000e+01 1.940356016159057617e+00
5.000000000000000000e+01 1.984339714050292969e+00
5.100000000000000000e+01 1.926405191421508789e+00
5.200000000000000000e+01 2.016321659088134766e+00
5.300000000000000000e+01 2.016360521316528320e+00
5.400000000000000000e+01 1.942469000816345215e+00
5.500000000000000000e+01 2.015658140182495117e+00
5.600000000000000000e+01 1.937211513519287109e+00
5.700000000000000000e+01 1.951976180076599121e+00
5.800000000000000000e+01 1.888254523277282715e+00
5.900000000000000000e+01 1.995357751846313477e+00
6.000000000000000000e+01 2.057872533798217773e+00
6.100000000000000000e+01 2.026391983032226562e+00
6.200000000000000000e+01 1.964222311973571777e+00
6.300000000000000000e+01 1.944303989410400391e+00
6.400000000000000000e+01 2.009259223937988281e+00
6.500000000000000000e+01 2.007398843765258789e+00
6.600000000000000000e+01 1.984858393669128418e+00
6.700000000000000000e+01 1.939291000366210938e+00
6.800000000000000000e+01 1.976069450378417969e+00
6.900000000000000000e+01 2.062332391738891602e+00
7.000000000000000000e+01 2.009730815887451172e+00
7.100000000000000000e+01 1.973193049430847168e+00
7.200000000000000000e+01 1.925731897354125977e+00
7.300000000000000000e+01 2.080879926681518555e+00
7.400000000000000000e+01 1.944138646125793457e+00
7.500000000000000000e+01 1.999944806098937988e+00
7.600000000000000000e+01 1.953159213066101074e+00
7.700000000000000000e+01 1.976388692855834961e+00
7.800000000000000000e+01 1.956907033920288086e+00
7.900000000000000000e+01 1.977194547653198242e+00
8.000000000000000000e+01 2.054999113082885742e+00
8.100000000000000000e+01 1.966601848602294922e+00
8.200000000000000000e+01 2.023440837860107422e+00
8.300000000000000000e+01 1.963302969932556152e+00
8.400000000000000000e+01 2.017343521118164062e+00
8.500000000000000000e+01 1.969509243965148926e+00
8.600000000000000000e+01 2.012898921966552734e+00
8.700000000000000000e+01 2.033254384994506836e+00
8.800000000000000000e+01 1.968917846679687500e+00
8.900000000000000000e+01 1.920757651329040527e+00
9.000000000000000000e+01 1.993262290954589844e+00
9.100000000000000000e+01 1.921422362327575684e+00
9.200000000000000000e+01 1.945945143699645996e+00
9.300000000000000000e+01 1.964989662170410156e+00
9.400000000000000000e+01 1.972436189651489258e+00
9.500000000000000000e+01 1.981296062469482422e+00
9.600000000000000000e+01 1.947693705558776855e+00
9.700000000000000000e+01 1.952968239784240723e+00
9.800000000000000000e+01 2.030065298080444336e+00
9.900000000000000000e+01 1.974610447883605957e+00
